1.00E-05	1159.67
1.10E-05	1104.2
1.22E-05	1051.38
1.34E-05	1001.08
1.48E-05	953.199
1.63E-05	907.606
1.80E-05	864.195
1.99E-05	822.863
2.19E-05	783.509
2.42E-05	746.04
2.67E-05	710.364
2.94E-05	676.397
3.24E-05	644.057
3.58E-05	613.265
3.95E-05	583.948
4.35E-05	556.036
4.80E-05	529.46
5.29E-05	504.578
5.83E-05	480.468
6.43E-05	457.513
7.10E-05	435.659
7.83E-05	414.852
8.63E-05	395.043
9.52E-05	376.184
0.00010506	358.229
0.000115885	341.136
0.000127826	324.864
0.000140996	309.372
0.000155524	294.625
0.000171549	280.586
0.000189225	267.221
0.000208722	254.5
0.000230228	242.39
0.00025395	230.863
0.000280116	219.892
0.000308979	209.449
0.000340815	199.51
0.000375931	190.05
0.000414666	181.048
0.000457392	172.481
0.00050452	164.329
0.000556504	156.571
0.000613845	149.191
0.000677094	142.169
0.000746859	135.488
0.000823813	129.134
0.000908697	123.09
0.00100233	117.342
0.0011056	111.876
0.00121952	106.679
0.00134518	101.738
0.00148378	97.0419
0.00163666	92.5788
0.0018053	88.3381
0.00200536	84.0287
0.00222748	79.9529
0.00247432	76.0955
0.00274839	72.4494
0.00305296	69.0011
0.00339112	65.7442
0.00376691	62.6665
0.00418415	59.7623
0.00464783	57.0207
0.00516263	54.4365
0.00573475	52
0.00636995	49.7065
0.00707585	47.5472
0.0078596	45.5179
0.00873058	43.6108
0.00969761	41.8219
0.0108477	40.0367
0.0121343	38.3727
0.0135734	36.824
0.0151832	35.3848
0.0169839	34.0497
0.0191321	32.7392
0.0215511	31.5347
0.0242771	30.4294
0.0252209	30.0957
0.0253		30.0687
0.0286998	29.034
0.0325565	28.0958
0.037192	27.2032
0.0424854	26.4039
0.0488745	25.6551
0.0566211	24.962
0.0660549	24.3287
0.0776004	23.757
0.0924546	23.2274
0.111701	22.7482
0.136864	22.3237
0.171253	21.9449
0.220371	21.6087
0.293678	21.316
0.41105		21.0648
0.612785	20.8579
1.0076		20.6926
1.96022		20.5679
5.33729		20.4841
43.3445		20.4368
9738.74		19.222
18379.1		18.2662
24665.8		17.6757
40844.1		16.2353
60846.5		14.8181
81128.7		13.6515
100705		12.7166
151058		10.8963
200000		9.64353
300000		7.95225
400000		6.8766
500000		6.12557
604114		5.54899
704768		5.1153
805643		4.7652
906349		4.47589
1.01E+06	4.23215
1.21E+06	3.83739
1.41E+06	3.52938
1.61E+06	3.27951
1.81E+06	3.07085
2.03E+06	2.88176
2.23E+06	2.72734
2.43E+06	2.59131
2.64E+06	2.47012
2.86E+06	2.3512
3.06E+06	2.25265
3.29E+06	2.15322
3.55E+06	2.05201
3.88E+06	1.93368
4.20E+06	1.83279
4.49E+06	1.75064
4.87E+06	1.65403
5.14E+06	1.59141
5.54E+06	1.50615
6.04E+06	1.41101
6.55E+06	1.3268
7.10E+06	1.245
7.61E+06	1.17776
8.11E+06	1.11703
8.62E+06	1.06191
9.13E+06	1.01164
9.63E+06	0.965605
1.02E+07	0.917673
1.08E+07	0.873354
1.15E+07	0.824917
1.23E+07	0.778557
1.31E+07	0.732128
1.40E+07	0.687115
1.51E+07	0.639018
1.61E+07	0.600069
1.71E+07	0.565181
1.81E+07	0.533752
1.91E+07	0.505289
2.00E+07	0.482757
