1.0
0.999099382581
0.998199595261
0.997300637275
0.996402507862
0.995505206259
0.994608731704
0.993713083437
0.992818260698
0.991914742727
0.991009392495
0.990104876034
0.989201192576
0.988298341353
0.9873963216
0.986495132551
0.985594773442
0.984695243508
0.983796541986
0.982898668112
0.982001621127
0.981105400267
0.980210004772
0.979315433884
0.978421686841
0.977528762887
0.976636661262
0.975745381211
0.974854921976
0.973965282802
0.973076462935
0.972188461619
0.971301278101
0.970414911628
0.969529361449
0.968644626811
0.967760706964
0.966877601157
0.965995308642
0.965113828668
0.96423316049
0.963353303358
0.962474256526
0.961596019249
0.960718590781
0.959841970377
0.958966157293
0.958091150787
0.957216950115
0.956343554536
0.955470963309
0.954599175692
0.953728190947
0.952858008334
0.951988608524
0.951119902938
0.950251997383
0.94938489112
0.948518583414
0.947653073531
0.946788360735
0.945924444293
0.945061322443
0.944198994538
0.943337460791
0.942476720471
0.941616772848
0.940757617191
0.939899252772
0.939041678861
0.938184780024
0.937328663896
0.936473336204
0.935618796221
0.934765043222
0.933912076482
0.933059895279
0.932208498888
0.931357886587
0.930508057654
0.929659011368
0.928810747008
0.927963263855
0.92711656119
0.926270638293
0.925425494447
0.924581128934
0.923737541039
0.922894730045
0.922052695237
0.921211435901
0.920370951322
0.919531240787
0.918692303583
0.917854139
0.917016746324
0.916180124847
0.915344273857
0.914509192645
0.913674880503
0.912841336723
0.912008560597
0.911176551419
0.910345308482
0.909514831081
0.908685118511
0.907856170069
0.90702798505
0.906200562752
0.905373902472
0.90454800351
0.903722865164
0.902898486734
0.90207486752
0.901252006824
0.900429903947
0.899608558191
0.89878796886
0.897968135257
0.897149056686
0.896330732452
0.895513161861
0.894696344219
0.893880278833
0.89306496501
0.892250402058
0.891436589286
0.890623526004
0.88981121152
0.888999645147
0.888188826195
0.887378753977
0.886569427804
0.88576084699
0.884953010849
0.884145918694
0.883339569843
0.882533963609
0.881729099309
0.88092497626
0.880121593781
0.879318951188
0.878517047801
0.87771588294
0.876915455924
0.876115766074
0.875316812712
0.874518595159
0.873721112738
0.872924364773
0.872128350587
0.871333069504
0.87053852085
0.869744703951
0.868951618132
0.868159262722
0.867367637046
0.866576740434
0.865786572215
0.864997131717
0.864208418271
0.863420325515
0.862632913656
0.861846226975
0.861060264806
0.860275026481
0.859490511334
0.858706718699
0.857923640505
0.857141182169
0.856359444447
0.855578426677
0.854798128196
0.85401854834
0.85323968645
0.852461541863
0.85168411392
0.850907401961
0.850131405326
0.849356123357
0.848581555396
0.847807700786
0.84703455887
0.846262128991
0.845490410495
0.844719402727
0.843949105032
0.843179516756
0.842410637247
0.841642465851
0.840875001918
0.840108244795
0.839342193832
0.838576848379
0.837812207786
0.837048271405
0.836285038587
0.835522508684
0.834760681049
0.833999555037
0.83323913
0.832479405294
0.831720380274
0.830962054295
0.830204426715
0.82944749689
0.828691264177
0.827935727936
0.827180887525
0.826426742303
0.82567329163
0.824920534867
0.824168471375
0.823417100516
0.822666421653
0.821916434147
0.821167137363
0.820418530665
0.819670613418
0.818923384986
0.818176844736
0.817430992034
0.816685826247
0.815941346743
0.81519755289
0.814454444057
0.813712019613
0.812970278928
0.812229221373
0.811488846319
0.810749153137
0.810010141199
0.80927180988
0.808534158551
0.807797186587
0.807060893363
0.806325278254
0.805590340635
0.804856079882
0.804122495374
0.803389586486
0.802657352598
0.801925793087
0.801194907333
0.800464694716
0.799735154615
0.799006286413
0.79827808949
0.797550563228
0.79682370701
0.796097520219
0.795372002238
0.794647152453
0.793922970248
0.793199455008
0.79247660612
0.791754422969
0.791032904944
0.790312051431
0.78959186182
0.788872335498
0.788153471855
0.787435270282
0.786717730168
0.786000850905
0.785284631885
0.784569072498
0.783854136716
0.783139748531
0.78242601829
0.781712945386
0.781000529216
0.780288769173
0.779577664655
0.778867215057
0.778157354823
0.777448108455
0.776739515294
0.776031574737
0.775324286185
0.774617649036
0.773911662691
0.773206326551
0.772501640018
0.771797602493
0.771094213379
0.770391472078
0.769689377996
0.768987930535
0.768287129101
0.767586973098
0.766887461933
0.766188595013
0.765490371743
0.764792791531
0.764095853785
0.763399557915
0.762703903329
0.762008889436
0.761314515647
0.760620781372
0.759927686024
0.759235229013
0.758543409752
0.757852227654
0.757161682132
0.756471772601
0.755782498474
0.755093859167
0.754405854096
0.753718482677
0.753031744325
0.752345638459
0.751660164497
0.750975321856
0.750291109955
0.749607528214
0.748924576052
0.748242252891
0.74756055815
0.746879491252
0.746199051618
0.745519238672
0.744840051835
0.744161490532
0.743483554187
0.742806242225
0.74212955407
0.741453489149
0.740778046887
0.740103226712
0.739429028051
0.738755450332
0.738082492983
0.737410155432
0.736738437111
0.736067337447
0.735396855873
0.734726991818
0.734057744715
0.733389113995
0.732721099091
0.732053699436
0.731386914464
0.730720743609
0.730055186306
0.729390241989
0.728725910094
0.728062190059
0.727399081318
0.726736583311
0.726074695474
0.725413417245
0.724752748064
0.72409268737
0.723433234603
0.722774389203
0.722116150611
0.721458518268
0.720801491616
0.720145070098
0.719489253157
0.718834040236
0.718179430779
0.717525424231
0.716872020036
0.71621921764
0.715567016489
0.71491541603
0.714264415709
0.713614014974
0.712964213274
0.712315010056
0.71166640477
0.711018349752
0.710370879529
0.709724005641
0.709077727538
0.708432044672
0.707786956494
0.707142462457
0.706498562015
0.705855254621
0.705212539728
0.704570416792
0.703928885268
0.703287944611
0.702647594277
0.702007833722
0.701368604604
0.700729923375
0.700091830384
0.699454325092
0.698817406956
0.698181075436
0.697545329993
0.696910170086
0.696275595177
0.695641604727
0.695008198199
0.694375375054
0.693743134755
0.693111476767
0.692480400552
0.691849905576
0.691219991303
0.690590657199
0.68996190273
0.689333727362
0.688706130562
0.688079111797
0.687452670536
0.686826806246
0.686201518397
0.685576806458
0.684952669899
0.68432910819
0.683706120802
0.683083707206
0.682461866874
0.681840599278
0.681219903892
0.680599780188
0.67998022764
0.679361245722
0.67874283391
0.678124991677
0.677507718501
0.676891013856
0.676274877221
0.675659308071
0.675044305884
0.674429870139
0.673816000315
0.673202695889
0.672589956342
0.671977781154
0.671366169805
0.670755121776
0.670144636548
0.669534713604
0.668925352426
0.668316552497
0.6677083133
0.667100634319
0.666493515038
0.665886954942
0.665280953516
0.664675510247
0.664070624619
0.663466296121
0.662862524238
0.662259308459
0.661656648272
0.661054543165
0.660452992628
0.659851996149
0.659251553219
0.658651663329
0.658052325968
0.657453540629
0.656855306804
0.656257623984
0.655660491663
0.655063909333
0.654467876489
0.653872392625
0.653277457234
0.652683069814
0.652089229858
0.651495936863
0.650903190326
0.650310989744
0.649719334613
0.649128224432
0.6485376587
0.647947636914
0.647358158575
0.646769223182
0.646180830236
0.645592944792
0.645005533141
0.64441866253
0.643832332459
0.643246542432
0.642661291952
0.642076580521
0.641492407644
0.640908772825
0.640325675568
0.639743115379
0.639161091764
0.638579604228
0.637998652277
0.63741823542
0.636838341891
0.636258905304
0.635680002411
0.635101632721
0.634523795743
0.633946490986
0.633369717962
0.632793476179
0.632217763849
0.631642580496
0.631067926922
0.630493802639
0.62992020716
0.629347139998
0.628774600667
0.628202588681
0.627631103555
0.627060144803
0.626489711942
0.625919804486
0.625350421952
0.624781563858
0.62421322972
0.623645419056
0.623078131384
0.622511366223
0.621945123092
0.62137940151
0.620814200997
0.620249521074
0.619685361261
0.619121721079
0.618558600051
0.617995997698
0.617433913543
0.616872347109
0.616311297919
0.615750765498
0.615190749369
0.614631249057
0.614072264087
0.613513793986
0.612955838279
0.612398396492
0.611841468153
0.611285052789
0.610729149928
0.610173759098
0.609618879827
0.609064511646
0.608510654082
0.607957306667
0.607404468931
0.606852140404
0.606300320618
0.605749009104
0.605198205395
0.604647909024
0.604098119523
0.603548836425
0.603000059265
0.602451787577
0.601904020895
0.601356758755
0.600810000693
0.600263746243
0.599717994944
0.599172746331
0.598627999941
0.598083755314
0.597540011986
0.596996769496
0.596454027384
0.595911785188
0.595370042449
0.594828798706
0.594288053501
0.593747806374
0.593208056868
0.592668804523
0.592130048883
0.59159178949
0.591054025888
0.59051675762
0.589979984229
0.589443705261
0.588907920261
0.588372628774
0.587837830345
0.58730352452
0.586769710847
0.586236388873
0.585703499565
0.585171093666
0.584639178166
0.584107752615
0.58357681656
0.583046369551
0.582516411139
0.581986940873
0.581457958304
0.580929462984
0.580401454463
0.579873932294
0.579346896029
0.57882034522
0.578294279422
0.577768698187
0.577243601069
0.576718987623
0.576194857403
0.575671209966
0.575148044865
0.574625361659
0.57410315673
0.573581365369
0.573060054634
0.572539224083
0.572018873272
0.571499001761
0.570979609109
0.570460694874
0.569942258414
0.569424299264
0.568906817212
0.568389811819
0.567873282646
0.567357229255
0.566841651208
0.566326548068
0.565811919397
0.565297764758
0.564784083716
0.564270875834
0.563758140676
0.563245877809
0.562734086796
0.562222832596
0.56171223467
0.56120210708
0.560692449391
0.560183261172
0.55967454199
0.559166291414
0.558658509012
0.558151194353
0.557644347007
0.557137966544
0.556632052534
0.556126604547
0.555621622155
0.555117104929
0.554613052441
0.554109464263
0.553606339968
0.553103679129
0.552601481319
0.552099746113
0.551598473084
0.551097661806
0.550597311856
0.550097422808
0.549597994238
0.549099025723
0.548600516838
0.548102467161
0.54760487627
0.547107743741
0.546611069153
0.546114852085
0.545619092115
0.545123788823
0.544628941788
0.544134550591
0.543640614811
0.54314713403
0.542654107829
0.54216153579
0.541669417494
0.541177752524
0.540686540463
0.540195780893
0.539705473399
0.539215617564
0.538726212972
0.538237259209
0.537748755859
0.537260696509
0.536773022197
0.536285797118
0.535799020857
0.535312693001
0.534826813139
0.534341380856
0.533856395742
0.533371857385
0.532887765373
0.532404119296
0.53192089588
0.531438087099
0.530955723068
0.530473803379
0.529992327623
0.529511295391
0.529030706274
0.528550559866
0.528070855758
0.527591593544
0.527112772816
0.526634393169
0.526156454196
0.525678955492
0.525201896651
0.524725277269
0.524249096942
0.523773355265
0.523298051834
0.522823186246
0.522348758098
0.521874766988
0.521401212513
0.520928094272
0.520455411862
0.519983164883
0.519511352935
0.519039975615
0.518569032526
0.518098523266
0.517628447437
0.517158804639
0.516689594475
0.516220816546
0.515752470454
0.515284555802
0.514817072192
0.514350019228
0.513881626292
0.513410827649
0.512940462537
0.512470530557
0.512001031309
0.511531964395
0.511063329418
0.510595125979
0.510127353682
0.509660012128
0.509193100922
0.508726619668
0.508260567969
0.50779494543
0.507329751656
0.506864986251
0.506400648823
0.505936738976
0.505473256317
0.505010200452
0.504547570989
0.504085367535
0.503623589698
0.503162237085
0.502701309306
0.502240805969
0.501780726683
0.501321071058
0.500861838704
0.500403029231
0.49994464225
0.499486677371
0.499029134207
0.498572012368
0.498115311467
0.497659031117
0.497203170929
0.496747730518
0.496292709496
0.495838107478
0.495383924077
0.494930158909
0.494476811588
0.49402388173
0.49357136895
0.493119272864
0.492667593088
0.492216329239
0.491765480935
0.491315047792
0.490865029428
0.490415425461
0.489966235511
0.489517459195
0.489069096133
0.488621092726
0.488173475945
0.487726271349
0.487279478558
0.486833097193
0.486387126875
0.485941567226
0.485496417867
0.485051678421
0.48460734851
0.484163427758
0.483719915787
0.483276812221
0.482834116684
0.482391798392
0.48194988676
0.481508382059
0.481067283914
0.480626591951
0.480186305796
0.479746425076
0.479306949417
0.478867878446
0.47842921179
0.477990949078
0.477553089937
0.477115633996
0.476678580883
0.476241930228
0.47580568166
0.475369834808
0.474934389304
0.474499344777
0.474064700858
0.473630457179
0.47319661337
0.472763169064
0.472330123893
0.471897477489
0.471465229486
0.471033379515
0.470601927212
0.470170872209
0.469740214141
0.469309952642
0.468880087348
0.468450617893
0.468021543913
0.467592865044
0.467164580922
0.466736691184
0.466309195466
0.465882093406
0.465455384641
0.46502906881
0.464603145549
0.464177614499
0.463752475297
0.463327727583
0.462903370905
0.462479404827
0.462055829157
0.461632643536
0.461209847603
0.460787441001
0.460365423371
0.459943794355
0.459522553594
0.459101700733
0.458681235412
0.458261157276
0.457841465968
0.457422161132
0.457003242412
0.456584709453
0.456166561898
0.455748799394
0.455331421587
0.45491442812
0.454497818642
0.454081592798
0.453665750235
0.4532502906
0.452835213541
0.452420518705
0.452006205741
0.451592274296
0.45117872402
0.450765554561
0.45035276557
0.449940356695
0.449528294713
0.449116567999
0.448705220422
0.448294251633
0.447883661284
0.447473449024
0.447063614508
0.446654157386
0.446245077312
0.445836373938
0.445428046917
0.445020095903
0.444612520549
0.444205320511
0.443798495441
0.443392044995
0.442985968828
0.442580266596
0.442174937953
0.441769982557
0.441365400062
0.440961190127
0.440557352408
0.440153886563
0.439750792248
0.439348069122
0.438945716843
0.438543735069
0.438142123461
0.437740859724
0.437339945376
0.436939400209
0.436539223883
0.436139416058
0.435739976395
0.435340904555
0.434942200199
0.434543862989
0.434145892587
0.433748288656
0.433351050857
0.432954178854
0.43255767231
0.432161530888
0.431765754252
0.431370342067
0.430975293996
0.430580609705
0.430186288858
0.429792331122
0.42939873616
0.429005503641
0.428612633229
0.428220124592
0.427827977396
0.427436191308
0.427044765997
0.42665370113
0.426262996374
0.425872651399
0.425482665873
0.425093039466
0.424703771846
0.424314862683
0.423926311647
0.423538118409
0.423150282639
0.422762804007
0.422375682186
0.421988916846
0.42160250766
0.421216454298
0.420830756435
0.420445413742
0.420060425892
0.419675792559
0.419291513416
0.418907588138
0.418524016397
0.41814079787
0.41775793223
0.417375419153
0.416993260975
0.416611461968
0.416229933831
0.415848738164
0.415467893521
0.415087399578
0.414707256012
0.414327462501
0.413948018722
0.413568924353
0.413190179073
0.412811782559
0.412433734492
0.41205603455
0.411678682412
0.411301677759
0.410925020271
0.410548709627
0.410172745508
0.409797127596
0.409421855572
0.409046929116
0.408672347912
0.408298111641
0.407924219985
0.407550672627
0.407177469251
0.406804609538
0.406432093174
0.406059919842
0.405688089226
0.405316601011
0.40494545488
0.40457465052
0.404204187616
0.403834065853
0.403464284917
0.403094844494
0.402725744271
0.402356983934
0.401988563171
0.401620481669
0.401252739116
0.400885335199
0.400518269607
0.400151542027
0.39978515215
0.399419099664
0.399053384258
0.398688005623
0.398322963447
0.397958257421
0.397593887236
0.397229848359
0.396866085769
0.39650265815
0.396139565193
0.395776806591
0.395414382035
0.395052291217
0.394690533831
0.394329109569
0.393968018125
0.393607259192
0.393246832465
0.392886737636
0.392526974402
0.392167542455
0.391808441492
0.391449671208
0.391091231297
0.390733121457
0.390375341382
0.39001789077
0.389660769317
0.38930397672
0.388947512676
0.388591376883
0.388235569038
0.387880088839
0.387524935986
0.387170110176
0.386815611108
0.386461438481
0.386107591996
0.385754071351
0.385400876246
0.385048006383
0.38469546146
0.38434324118
0.383991345244
0.383639773352
0.383288525206
0.382937600508
0.382586998961
0.382236720267
0.381886764128
0.381537130248
0.381187818329
0.380838828077
0.380490159193
0.380141721832
0.379793599025
0.379445796787
0.379098314822
0.378751152836
0.378404310534
0.378057787621
0.377711583805
0.377365698789
0.377020132282
0.37667488399
0.37632995362
0.37598534088
0.37564104551
0.375297067296
0.374953405835
0.374610060835
0.374267032004
0.373924319051
0.373581921686
0.373239839618
0.372898072557
0.372556620212
0.372215482295
0.371874658515
0.371534148582
0.371193952209
0.370854069107
0.370514498987
0.37017524156
0.369836296539
0.369497663637
0.369159342566
0.368821333038
0.368483634768
0.368146247467
0.367809170851
0.367472404633
0.367135948527
0.366799802248
0.36646396551
0.366128438029
0.365793219519
0.365458309697
0.365123708277
0.364789414976
0.364455429511
0.364121751598
0.363788380953
0.363455317294
0.363122560338
0.362790109804
0.362457965407
0.362126126868
0.361794593903
0.361463366232
0.361132443574
0.360801825648
0.360471512173
0.360141704679
0.359812326964
0.359483252565
0.359154481205
0.358826012603
0.35849784648
0.35816998256
0.357842420562
0.35751516021
0.357188154795
0.356861408638
0.356534963373
0.356208818723
0.355882974411
0.355557430161
0.355232185695
0.354907240739
0.354582595017
0.354258248252
0.35393420017
0.353610450496
0.353286998955
0.352963845272
0.352640989174
0.352318430386
0.351996168634
0.351674203645
0.351352535146
0.351031162864
0.350710086526
0.350389305859
0.350068820592
0.349748630453
0.349428735169
0.349109134469
0.348789828082
0.348470815737
0.348152097163
0.34783367209
0.347515540248
0.347197701366
0.346880155175
0.346562901406
0.346245939788
0.345929270054
0.345612891934
0.34529680516
0.344981009463
0.344665504577
0.344350290232
0.344035366162
0.343720732098
0.343406387775
0.343092333057
0.342778567778
0.342465091438
0.342151903773
0.341839004517
0.341526393403
0.341214070167
0.340902034543
0.340590286268
0.340278825075
0.339967650701
0.339656762882
0.339346161354
0.339035845854
0.338725816142
0.338416072063
0.338106613222
0.337797373351
0.337488389352
0.337179689889
0.3368712747
0.336563143523
0.336255296097
0.335947732159
0.33564045145
0.335333453709
0.335026738674
0.334720306086
0.334414155685
0.334108287211
0.333802700404
0.333497395005
0.333192370754
0.332887627394
0.332583164665
0.332278982309
0.331975080067
0.331671457683
0.331368114898
0.331065051455
0.330762267096
0.330459761565
0.330157534605
0.329855585959
0.329553915372
0.329252522587
0.328951407349
0.328650569401
0.328350008489
0.328049724357
0.327749716751
0.327449985417
0.327150530099
0.326851346197
0.326552415435
0.326253759953
0.325955379496
0.325657273811
0.325359442646
0.325061885747
0.324764602863
0.32446759374
0.324170858126
0.323874395771
0.323578206422
0.323282289828
0.322986645738
0.3226912739
0.322396174065
0.322101345982
0.321806743062
0.321512352381
0.321218232797
0.32092438406
0.32063080592
0.320337498128
0.320044460436
0.319751692594
0.319459194354
0.319166965468
0.318875005688
0.318583314767
0.318291892455
0.318000738507
0.317709852676
0.317419234713
0.317128884374
0.316838801411
0.316548985577
0.316259436628
0.315970154318
0.3156811384
0.315392388631
0.315103904763
0.314815686554
0.314527733758
0.314240046131
0.313952623428
0.313665465406
0.313378571822
0.313091942431
0.31280557699
0.312519475257
0.312233636989
0.311948061942
0.311662749875
0.311377700647
0.311092913924
0.310808389455
0.310524126998
0.310240126313
0.309956387157
0.309672909291
0.309389692474
0.309106736465
0.308824041024
0.308541605912
0.308259430888
0.307977515714
0.30769586015
0.307414463956
0.307133326895
0.306852448727
0.306571800269
0.306291319425
0.306011096867
0.305731132358
0.30545142566
0.305171976535
0.304892784747
0.304613850059
0.304335172234
0.304056751035
0.303778586226
0.303500677571
0.303223024835
0.302945627781
0.302668486174
0.302391599779
0.302114968362
0.301838591686
0.301562469518
0.301286601624
0.301010987769
0.300735627719
0.300460521241
0.300185668101
0.299911068066
0.299636720903
0.299362626379
0.299088784262
0.298815194318
0.298541856317
0.298268770026
0.297995935212
0.297723351646
0.297451019095
0.297178937328
0.296907106114
0.296635525223
0.296364170949
0.296093056898
0.295822192509
0.295551577551
0.295281211796
0.295011095012
0.294741226973
0.294471607447
0.294202236207
0.29393303768
0.293664040329
0.293395290688
0.293126788529
0.292858533623
0.292590525744
0.292322764664
0.292055250155
0.291787981991
0.291520959944
0.291254183789
0.290987653298
0.290721368246
0.290455328709
0.290189534203
0.289923984457
0.289658679247
0.289393618347
0.289128801533
0.28886422858
0.288599899263
0.288335813357
0.288071970639
0.287808370886
0.287545013872
0.287281899375
0.287019027171
0.286756397038
0.286494008752
0.286232165038
0.285970717162
0.285709510057
0.285448543501
0.285187817274
0.284927331152
0.284667084916
0.284407078345
0.284147311218
0.28388770712
0.28362828498
0.283369101742
0.283110157186
0.282851451092
0.282592983241
0.282334753414
0.282076761391
0.281819006953
0.281561489882
0.281304209959
0.281047166965
0.280790360683
0.280533790895
0.280277457383
0.280021359929
0.279765498316
0.279509872327
0.279254481745
0.278999326353
0.278744405935
0.278489720275
0.278235269155
0.277981052361
0.277727069677
0.277473320886
0.277219805774
0.276966524126
0.276713475726
0.27646066036
0.276208077814
0.275955727872
0.275703610321
0.275451724947
0.275200071536
0.274948649875
0.274697459749
0.274446500947
0.274195688468
0.273945045563
0.273694633473
0.273444451986
0.273194500888
0.27294477985
0.272695288608
0.27244602712
0.272196995176
0.271948192564
0.271699619072
0.27145127449
0.271203158608
0.270955271214
0.270707612097
0.270460181049
0.270212977859
0.269966002317
0.269719254214
0.269472733339
0.269226439485
0.268980365571
0.268734498148
0.268488857141
0.268243442344
0.267998253548
0.267753290544
0.267508553126
0.267264041084
0.267019754212
0.266775666448
0.266531672118
0.266287902478
0.26604435732
0.265801036437
0.265557939623
0.265315066672
0.265072417378
0.264829991534
0.264587788935
0.264345809375
0.264104052649
0.263862518552
0.263621206879
0.263380117425
0.263139249986
0.262898604356
0.262658180333
0.262417977711
0.262177996287
0.261938235857
0.261698696218
0.261459377167
0.2612202785
0.260981400015
0.260742741509
0.260504302778
0.260266083622
0.260028083838
0.259790303223
0.259552741576
0.259315251624
0.25907793088
0.258840828676
0.25860394481
0.258367279082
0.258130831908
0.257894602911
0.257658591449
0.257422797321
0.257187220327
0.256951860268
0.256716716943
0.256481790154
0.2562470797
0.256012585383
0.255778307003
0.255544244362
0.255310397262
0.255076765503
0.254843348887
0.254610147216
0.254377160293
0.25414438792
0.253911829899
0.253679486032
0.253447356124
0.253215439975
0.252983737391
0.252752248174
0.252520972127
0.252289834443
0.252058759797
0.251827897935
0.251597248662
0.25136681178
0.251136587096
0.250906574414
0.250676773538
0.250447184273
0.250217806425
0.249988639799
0.249759684201
0.249530939435
0.249302405309
0.249074424997
0.24884689758
0.248619579696
0.248392471151
0.248165571753
0.247938881309
0.247712399628
0.247486126516
0.247260061781
0.247034091553
0.246808212923
0.246582542301
0.246357079497
0.246131824317
0.245906776473
0.245681935711
0.245457302003
0.245232875156
0.245008654981
0.244784641288
0.244560833885
0.244337232583
0.244113837193
0.243890629435
0.243667532078
0.243444414944
0.243221503267
0.242998796859
0.242776295531
0.242553999094
0.242331907359
0.242110020137
0.241888337241
0.241666858482
0.241445583673
0.241224512625
0.24100364515
0.240782981063
0.240562520174
0.240342217146
0.240121586847
0.239901159707
0.239680935538
0.239460914154
0.239241095369
0.239021478995
0.238802064846
0.238582852737
0.23836384248
0.238145033891
0.237925906779
0.237706543483
0.237487382177
0.237268422674
0.237049664788
0.236831108334
0.236611947337
0.236392549996
0.236173354694
0.235953188838
0.235732746123
0.235512506476
0.235290231296
0.235068016611
0.234843142371
0.234618094359
0.234390085741
0.23415975092
0.233926973811
0.233689746701
0.233448540437
0.233203107215
0.232953197525
0.232696991096
0.232434869576
0.232167988177
0.231895554696
0.231618085766
0.231337071617
0.231054183002
0.230770341118
0.230486804386
0.23020821
0.229931909239
0.229664968605
0.229408593733
0.229163468399
0.228931460251
0.228712278876
0.228507592886
0.228318448119
0.22814204547
0.227977155524
0.227822069138
0.227675344667
0.227533755913
0.22739515881
0.227257765953
0.227120545268
0.226981380271
0.22683863551
0.226689547067
0.226536106808
0.226376685128
0.226211667249
0.22604170185
0.225865980255
0.225687068415
0.225502196038
0.225314502935
0.225124237666
0.224930073752
0.224735383049
0.224537522116
0.224339844105
0.22413990061
0.223939604393
0.223739404527
0.223537961103
0.223335924751
0.22313370839
0.222931678334
0.222729834411
0.222527583575
0.222325045457
0.222122693885
0.221920528688
0.221718549694
0.22151645313
0.221314008084
0.221111742477
0.220909663137
0.22070776989
0.220506062567
0.220304540996
0.220103206052
0.219902058292
0.219701095769
0.219500318312
0.219299725751
0.219098662282
0.218897769776
0.218697062258
0.218496539557
0.218296201502
0.218096047924
0.217896078654
0.21769629352
0.217496692354
0.217297274986
0.217098041247
0.216898990969
0.216700123981
0.216501440115
0.216302939203
0.216104212164
0.215905545969
0.215707062706
0.215508762206
0.215310644301
0.215112708823
0.214914955604
0.214717384475
0.21451999527
0.214322787821
0.21412576196
0.213928916375
0.213732251994
0.213535768702
0.213339466332
0.213143059642
0.212946612799
0.212750346843
0.212554261608
0.212358356928
0.212162632636
0.211967088566
0.211771724552
0.211576540428
0.21138153603
0.21118671119
0.210992652997
0.210799093841
0.210605712918
0.210412510065
0.210219290835
0.210025896237
0.209832679717
0.20963964091
0.209446778377
0.209254093431
0.209061585909
0.208869255647
0.208677102482
0.20848512625
0.20829332679
0.208101703937
0.20791025753
0.207718987406
0.207527893403
0.207336882517
0.207145510991
0.206954315681
0.206763296425
0.206572453061
0.206381785425
0.206191293358
0.206000976696
0.205810835279
0.205620868945
0.205431077533
0.205241460655
0.205052017925
0.204862749635
0.204673655625
0.204484735733
0.204295391848
0.204106184133
0.203917150651
0.203728291242
0.203539605746
0.203351094001
0.203162755849
0.202974591129
0.202786599682
0.202598781348
0.202411135968
0.202223339656
0.202035410603
0.201847654623
0.201660071557
0.201472661246
0.201285423531
0.201098358253
0.200911909341
0.200726186454
0.200540626581
0.200355236617
0.200169945234
0.199984177155
0.199798580152
0.199613154067
0.199427898742
0.19924281402
0.199057899744
0.198873155757
0.198688581903
0.198504178025
0.198319943966
0.198135880139
0.197951396211
0.197766830168
0.197582434126
0.197398207927
0.197214151416
0.197030264437
0.196846546833
0.196662998449
0.196479619128
0.196296408716
0.196113367056
0.195930182519
0.195746496551
0.195562979829
0.195379632066
0.19519645172
0.195013440156
0.194830597218
0.19464792275
0.194465416599
0.194283078608
0.194100908624
0.193919346971
0.19373761146
0.193555919242
0.193374394437
0.193193036892
0.193011846452
0.192830822964
0.192649966275
0.19246927887
0.192288758339
0.192108404143
0.19192821613
0.191747560588
0.191566379478
0.191385365422
0.191204518265
0.191023837855
0.190843324038
0.190662976661
0.190482795571
0.190302780615
0.190122931639
0.189943248492
0.189763633787
0.189582931085
0.189401413007
0.189220062581
0.189038879653
0.188857864067
0.188677015672
0.188496334312
0.188316390693
0.188136023429
0.187955822763
0.18777578854
0.18759592061
0.187416218817
0.187236683011
0.187057310404
0.186876946198
0.186696578182
0.186516376985
0.186336342453
0.186156474434
0.185976772776
0.185797237325
0.185617464316
0.185436753803
0.185256210723
0.185075834508
0.184895618579
0.18471556963
0.184535687509
0.184356246955
0.184176903446
0.183997141339
0.183817545881
0.183638116919
0.183458854302
0.183279757877
0.183100827491
0.182921966835
0.182741409057
0.182561019146
0.182380796947
0.182200742307
0.182020855073
0.181841135092
0.181661582212
0.18148114449
0.18129961837
0.181118263704
0.18093707796
0.180756060239
0.180575211497
0.18039453158
0.180214548591
0.180033375403
0.179851974429
0.179670743205
0.179489681575
0.179308789387
0.179128066484
0.178947512714
0.178766491472
0.178583584511
0.17840084972
0.178218286945
0.178035896028
0.177853676814
0.17767020348
0.177485879797
0.17730306753
0.177120427834
0.176937960554
0.176755665534
0.176570961867
0.1763860216
0.176201257293
0.176016680788
0.175832287099
0.175647608709
0.175460150317
0.175272872078
0.175085773831
0.174898855414
0.174712074227
0.174525591029
0.174337245562
0.17414908229
0.173961101049
0.173773301676
0.173585684006
0.173394939719
0.17320322208
0.173011684853
0.17282033587
0.172629174962
0.172438074349
0.17224211507
0.17204635228
0.171850785802
0.171657069922
0.171464016623
0.171269142696
0.171070493991
0.1708720478
0.170673803942
0.170475762232
0.170277913048
0.170076666438
0.169873498854
0.169670543869
0.169468582761
0.169264052601
0.169058803095
0.168853799389
0.168648891683
0.16843852348
0.168228384995
0.168018476014
0.167807208629
0.167591304507
0.167375644149
0.167160227322
0.166944673869
0.166725326684
0.166506163699
0.166287254259
0.166063615281
0.165837039843
0.16561073845
0.165384651089
0.1651513019
0.164916545355
0.164682087843
0.164449199348
0.164207526093
0.163966164169
0.163725119096
0.163481822829
0.163229124795
0.162976785023
0.16272480502
0.162470210946
0.1622076139
0.161945529053
0.161683842315
0.161414160505
0.161139422783
0.160865009743
0.160581691956
0.160298030076
0.16001471959
0.159718063453
0.159420640072
0.159122936061
0.158809505925
0.158496660891
0.158182964372
0.157855303957
0.1575284202
0.157194682577
0.156847437954
0.156501128133
0.156145971741
0.155779602342
0.155414215767
0.15503083467
0.154638760663
0.154248960973
0.153836099631
0.153417600086
0.153000458919
0.152557179174
0.152113971039
0.151644952902
0.151173813388
0.150679733118
0.150180717591
0.149657796621
0.149124209557
0.148572828867
0.147996408874
0.147404231721
0.146806366763
0.146173312444
0.145518246727
0.144847459463
0.144135745656
0.143408624034
0.142649882794
0.141852270858
0.141039036242
0.140171602877
0.139276974348
0.138345259184
0.137369895446
0.136337059949
0.135259050322
0.134136174198
0.132965181908
0.13170991889
0.130394324915
0.12901666821
0.127573662869
0.126040664657
0.124420928934
0.122706720012
0.120890342524
0.118959243729
0.116907808155
0.114724547021
0.112398338002
0.109915441278
0.107270282888
0.104415316993
0.10136592399
0.0980981027173
0.0945344343969
0.0906917775237
0.0865051626982
0.0819450156582
0.0769727027942
0.0715816640316
0.0657805747272
0.0596415942866
0.0532524126213
0.0468133203313
0.040528434426
0.0345481240865
0.0291076958476
0.0243097611633
0.0201794469975
0.016731908518
0.0138936841291
0.0116149394655
0.00978461606087
0.00834576979192
0.00720813837896
0.00632771195194
0.00563925585014
0.00511924920594
0.00472881747959
0.00445627926736
0.00427996481159
0.00419386245225
0.00418886817435
0.0042723271047
0.00444485908174
0.00471277029975
0.00509553414348
0.00560632675332
0.00628331965694
0.00715097963635
0.00826719915736
0.00968033067812
0.0114684357718
0.0136928736178
0.0164224369557
0.0197143251751
0.0236144393264
0.0281098078023
0.0331131391949
0.0385142704937
0.0441489067225
0.0497757387747
0.0552884820183
0.0605215510832
0.0654296083903
0.0699665805792
0.0741326640743
0.077934556218
0.0814036276716
0.08461588649
0.0875667502063
0.0903103934674
0.0928305875405
0.0951796738171
0.0973660540895
0.0994077614443
0.101322802458
0.103104829651
0.104783265408
0.106343749761
0.107815690725
0.109188544295
0.110475799761
0.111685033679
0.112832393811
0.113900307136
0.114914513916
0.115855696258
0.116763131611
0.117610900422
0.118400916348
0.119154686098
0.11985181989
0.120520542205
0.121151335473
0.121760644714
0.122308995216
0.122850716625
0.123350493057
0.123824952029
0.124268957626
0.12469285146
0.125102128876
0.125477193601
0.125839060608
0.126171432842
0.126497677222
0.12679633581
0.127079662547
0.127351729585
0.127607052483
0.127847055927
0.128065710699
0.128280034189
0.128480333303
0.128674449395
0.128854598598
0.129019070737
0.129174837056
0.129322344644
0.129463305276
0.129593130279
0.129708944678
0.129825567016
0.129927172558
0.13002533939
0.130123963484
0.130200858053
0.130275558267
0.130349342431
0.130409919771
0.130471038859
0.130529371379
0.130577994552
0.130623227853
0.130660506693
0.130691012324
0.130721838917
0.130747335743
0.130768261229
0.130789473683
0.130804570015
0.1308118391
0.13081885922
0.130818886056
0.130818010092
0.130817354055
0.130809427171
0.130801740643
0.130789760461
0.130771552
0.130752089634
0.130728000777
0.13070418704
0.130680538178
0.130653871908
0.130623310742
0.130592901259
0.130562633057
0.130526634038
0.130485848912
0.13044521464
0.130403510111
0.130358031891
0.130312716785
0.130267527261
0.13021862684
0.130169121549
0.130119738396
0.130068195677
0.130010982564
0.129953902732
0.129896719332
0.12983617699
0.129775769164
0.129715470945
0.129652147716
0.129588580767
0.129525120496
0.129458559263
0.129391134706
0.129323813729
0.129254245385
0.129179629359
0.129104279552
0.129029028605
0.128953620639
0.128875477714
0.128797467953
0.128719555721
0.128641740975
0.128564021809
0.128486385736
0.128408847021
0.128331405621
0.128254197024
0.128178649461
0.128103211803
0.128025136932
0.127946764168
0.127868487999
0.127790076957
0.127709818963
0.12762965681
0.127548709459
0.127466191375
0.1273837809
0.127300210203
0.127215178116
0.127130240628
0.127045397678
0.126960685435
0.12687373704
0.126786785922
0.126699928959
0.126613169762
0.126524063892
0.12643299361
0.126342017425
0.126251135266
0.12616034019
0.126069626474
0.12597827769
0.125886105304
0.125794026817
0.125702042157
0.125610151251
0.125518332225
0.125425555233
0.125332511516
0.125239558996
0.12514668916
0.125053912899
0.124961167243
0.124867332939
0.124773592263
0.124679945136
0.124586391485
0.12449231491
0.124396558918
0.124300179398
0.124203893936
0.124107702454
0.124011604871
0.123915601108
0.123819024577
0.123722217967
0.123625506161
0.123528888202
0.12343236401
0.123335933506
0.123238776179
0.123141654988
0.123044627573
0.122947693855
0.122850854179
0.122753939034
0.122656515093
0.122559184835
0.122461948177
0.122364061804
0.122265389667
0.122166441221
0.122067281022
0.121968215043
0.1218692432
0.12177036541
0.121671587497
0.121572382976
0.121473158145
0.121374027346
0.121274984403
0.121176031641
0.121077092446
0.120977673651
0.120878348809
0.120779117837
0.120679980652
0.120580938689
0.120481995704
0.120383146253
0.120284043909
0.120184713487
0.120085476701
0.119986333469
0.119887283707
0.119788327331
0.119689464258
0.119590694405
0.119491489362
0.11939227009
0.119291831451
0.119191486808
0.119091235755
0.118991054118
0.118890966238
0.118790817343
0.118690419235
0.118590114934
0.118489904355
0.118389787413
0.118289764024
0.118189834103
0.118089997565
0.117989942411
0.117889851388
0.11778985377
0.117689949473
0.117590138412
0.117490420503
0.117390795661
0.117291223475
0.117191391665
0.117091652919
0.116992007152
0.116892454282
0.116792995056
0.116693631388
0.116594360361
0.116495003897
0.116395561758
0.116296212237
0.116196955251
0.116097790716
0.115998718547
0.115899738661
0.115800850974
0.115701789872
0.115602790012
0.115502805449
0.115402910998
0.115303109252
0.115203400128
0.115103783541
0.11500417626
0.114904458885
0.114804833994
0.114705301502
0.114605861326
0.11450651338
0.114407257581
0.114308093844
0.114208854752
0.114109631644
0.11401050052
0.113911461294
0.113812513882
0.113713658202
0.113614894169
0.113516202113
0.113417388695
0.113318666839
0.113220036463
0.113121497481
0.113023052426
0.112924710392
0.112826459492
0.11272820059
0.112629925584
0.112531741612
0.11243364859
0.112335646435
0.112237735063
0.112139914393
0.11204218434
0.111944345898
0.111846569928
0.111748884492
0.111651289507
0.111553784891
0.111456370562
0.111359046436
0.111261812431
0.111164668465
0.111067328247
0.11096959954
0.110871851163
0.110774065394
0.110676366345
0.11057875759
0.110481239047
0.110383810635
0.110286472269
0.110189223868
0.110092065348
0.109994996628
0.109898017626
0.109801114311
0.109704097757
0.109607170839
0.109510333477
0.109413585587
0.109316927088
0.109220357897
0.109123877933
0.109027487114
0.108931185358
0.108834972584
0.108738848709
0.108642692258
0.108546567223
0.108450530982
0.108354583453
0.108258724554
0.108162954205
0.108067272324
0.10797167883
0.107876173641
0.107780756678
0.107685427859
0.107590146197
0.107494831659
0.107399605148
0.107304466584
0.107209415886
0.107114452974
0.107019577766
0.106924790182
0.106830090142
0.106735477565
0.106640952372
0.106546514481
0.106452044178
0.106357626012
0.10626329141
0.106169043915
0.106074883446
0.105980710661
0.105886154005
0.10579168459
0.105697302335
0.105603007161
0.105508798987
0.105414608752
0.105320417975
0.105226314086
0.105132297003
0.105038366649
0.104944522942
0.104850765804
0.104757095154
0.104663510914
0.104570013003
0.104476601344
0.104383268299
0.104289893126
0.104196604076
0.104103401071
0.10401028403
0.103917252876
0.103824307529
0.103731447911
0.103638611716
0.103545777233
0.103453028362
0.103360365024
0.10326778714
0.103175294632
0.103082887421
0.102990565429
0.102898171738
0.102805835126
0.10271358365
0.102621417232
0.102529335793
0.102437339256
0.102345344282
0.102253275806
0.102161292197
0.102069393379
0.101977579273
0.101885818233
0.101793820259
0.101701907062
0.101610078562
0.101518334683
0.101426323477
0.101334320514
0.101242402306
0.101150113664
0.10105787054
0.100965336993
0.100872589456
0.100779420347
0.100685718397
0.100591375262
0.100495958296
0.100399202513
0.100300351763
0.100198039382
0.100091117126
0.099977433469
0.0998538250918
0.0997175761896
0.0995634199977
0.0993872735765
0.0991844216982
0.0989529931815
0.0986901117055
0.0983996364154
0.0980877814959
0.0977670937664
0.0974507277222
0.0971547063128
0.096899950383
0.0967006874139
0.0965670905032
0.0965052381743
0.0965107725196
0.0965754324168
0.0966862889916
0.0968214604941
0.0969653831799
0.0971063068251
0.0972276832768
0.0973193632247
0.0973824315468
0.0974146109983
0.0974198558862
0.0974005573729
0.0973633095637
0.0973118393363
0.0972496679871
0.0971802223084
0.0971058623943
0.0970278718289
0.0969475460341
0.0968656534009
0.0967828267329
0.0966990712742
0.0966150269644
0.0965303781031
0.0964455237651
0.0963604793915
0.0962753756175
0.0961900115201
0.0961047042734
0.0960191253787
0.0959336254616
0.0958482044493
0.0957626652312
0.0956771036788
0.0955916210541
0.0955062172846
0.0954206771507
0.0953351797639
0.0952497612201
0.0951644214467
0.0950791603713
0.094993955601
0.0949087028204
0.0948235286436
0.0947384329984
0.0946533698431
0.0945683084977
0.0944833255692
0.0943984209854
0.0943135946743
0.0942288465639
0.0941441765823
0.0940595846577
0.0939749880746
0.0938904409196
0.0938059716989
0.0937215803411
0.0936372667744
0.0935530309273
0.0934688727283
0.0933847772295
0.093300683798
0.0932166678763
0.0931327293931
0.093048868277
0.092965084457
0.0928813778619
0.0927977484207
0.0927141443024
0.092630571226
0.0925470751729
0.0924636560724
0.0923803138536
0.0922970484458
0.0922138597784
0.0921307477808
0.0920475861501
0.0919644955032
0.091881481426
0.0917985438482
0.0917156438838
0.0916326716436
0.0915497740742
0.091466947871
0.0913841291165
0.0913011583529
0.0912182640186
0.0911350969501
0.0910519104606
0.0909682554313
0.0908841151812
0.0907990624104
0.0907127261299
0.0906245227688
0.0905336922832
0.0904389580382
0.0903394534307
0.0902344251858
0.0901229108975
0.0900051524342
0.0898814902563
0.08975373887
0.0896252316379
0.089498964866
0.0893793994027
0.0892705180715
0.0891755729233
0.0890953437673
0.0890303769337
0.0889792355111
0.0889378159595
0.0889028528682
0.0888700161667
0.0888355444807
0.088797338027
0.0887526757362
0.0887016743947
0.0886442947859
0.0885811829635
0.0885135654093
0.0884424384336
0.0883686639159
0.0882930405488
0.0882161960144
0.088138644689
0.0880605700796
0.0879820763002
0.0879035114151
0.0878247561944
0.0877460735998
0.0876672919184
0.0875884625144
0.087509705778
0.0874310216423
0.087352315287
0.087273599814
0.0871949568894
0.0871163864465
0.0870378884186
0.0869594627391
0.0868811093414
0.0868027390677
0.086724423776
0.0866461806566
0.0865680096429
0.0864899106688
0.0864118836679
0.086333928574
0.0862560352971
0.0861781737697
0.0861003839934
0.0860226659023
0.0859450194303
0.0858674445116
0.0857899410803
0.0857125090707
0.0856351217565
0.0855577897725
0.0854805290494
0.0854033395217
0.0853262211237
0.0852491737782
0.0851721973553
0.0850952918662
0.0850184572456
0.0849416934282
0.084865000349
0.0847883779429
0.0847118261448
0.0846353448898
0.0845589341129
0.0844825790268
0.084406273524
0.0843300383352
0.0842538733957
0.0841777786408
0.084101754006
0.0840257994268
0.0839499148386
0.0838741001772
0.0837983553781
0.0837226803771
0.08364707511
0.0835715395126
0.0834960735208
0.0834206770706
0.0833453432849
0.0832700531705
0.0831948324336
0.0831196810104
0.083044598837
0.0829695858497
0.082894641985
0.0828197671792
0.0827449613687
0.0826702244902
0.0825955560178
0.0825209542098
0.0824464211458
0.0823719567626
0.0822975609969
0.0822232337856
0.0821489750657
0.0820747847741
0.082000662848
0.0819266092243
0.0818526238402
0.081778706633
0.0817048575399
0.0816310680297
0.0815573320659
0.0814836640479
0.0814100639131
0.0813365315991
0.0812630670435
0.081189668915
0.0811163383312
0.08104307532
0.0809698712499
0.0808967232226
0.0808236425986
0.080750629316
0.0806776833128
0.080604804527
0.0805319928968
0.0804592483605
0.0803865708562
0.0803139603224
0.0802414166974
0.0801689399197
0.0800965299277
0.08002418666
0.0799519100552
0.0798797000519
0.079807556589
0.0797354796051
0.0796634690392
0.07959152483
0.0795196469166
0.0794478352379
0.0793760897331
0.0793043924952
0.0792327492594
0.0791611720403
0.0790896607772
0.0790182154094
0.0789468358763
0.0788755221174
0.078804274072
0.0787330916798
0.0786619748803
0.0785909236132
0.0785199378182
0.078449017435
0.0783781624035
0.0783073726636
0.0782366481551
0.0781659888181
0.0780953945925
0.0780248654185
0.0779544014193
0.077884002753
0.0778136689585
0.0777433999759
0.0776731709078
0.0776030007688
0.0775328952891
0.0774628544092
0.0773928780697
0.0773229662112
0.0772531187744
0.0771833356999
0.0771136169287
0.0770439624014
0.076974372059
0.0769048458425
0.0768353836928
0.076765985551
0.0766966513582
0.0766273810556
0.0765581745843
0.0764890318858
0.0764199529012
0.0763509375719
0.0762819858395
0.0762130976453
0.0761442729309
0.076075484234
0.0760067581755
0.0759380954457
0.0758694959862
0.075800959739
0.0757324866458
0.0756640766486
0.0755957296892
0.0755274457097
0.0754592246522
0.0753910664587
0.0753229710765
0.0752549384564
0.075186968527
0.0751190612306
0.0750512165095
0.0749834311808
0.0749157071344
0.0748480454945
0.0747804462037
0.0747129092045
0.0746454344396
0.0745780161303
0.0745106346269
0.0744433152125
0.0743760578303
0.0743088624229
0.0742417289335
0.074174657305
0.0741076474805
0.0740406994032
0.0739738130163
0.0739070580887
0.0738405008756
0.0737740050086
0.0737075704313
0.0736411970873
0.0735748849204
0.0735086338742
0.0734424438925
0.0733763149191
0.073310246898
0.0732442379876
0.0731782896177
0.0731124020338
0.0730465638931
0.0729807653882
0.0729150275288
0.0728493502591
0.0727837335234
0.072718177266
0.0726526814313
0.0725872459637
0.0725218708077
0.0724565559078
0.0723913012085
0.0723261066545
0.0722609721905
0.0721958977612
0.0721308833114
0.0720659287858
0.0720010341295
0.0719361992873
0.0718714242042
0.0718067088252
0.0717420530954
0.07167745696
0.0716129203641
0.0715484255028
0.0714839763778
0.0714195866547
0.0713552562786
0.0712909861514
0.07122677651
0.0711626260502
0.0710985347177
0.071034502458
0.0709705292169
0.07090661494
0.0708427595731
0.070778963062
0.0707152253526
0.0706515463908
0.0705879151256
0.0705243224977
0.0704607884814
0.070397313023
0.0703338960684
0.0702705375638
0.0702072374556
0.07014399569
0.0700808122133
0.0700176869719
0.0699546199123
0.0698916109809
0.069828660823
0.0697657690623
0.0697029352687
0.069640154675
0.0695774046522
0.0695147124635
0.0694520780558
0.0693895013759
0.0693269823707
0.0692645209872
0.0692021171723
0.0691397708731
0.0690774820367
0.0690153336235
0.0689534336939
0.0688915908403
0.0688298050101
0.0687680761511
0.0687064042108
0.0686447592683
0.0685831691798
0.0685216358794
0.0684601593149
0.0683987369837
0.0683373707353
0.0682760610689
0.0682148079326
0.0681536109488
0.0680924695008
0.0680313844281
0.0679703556787
0.067909383201
0.0678484669432
0.0677876068535
0.0677267748606
0.0676659885384
0.0676052582614
0.0675445839781
0.0674839656368
0.0674234031862
0.067362896575
0.0673024457517
0.067242050665
0.0671817112637
0.0671214274967
0.0670611992426
0.0670010243952
0.0669409050305
0.0668808410975
0.0668208085761
0.0667608096228
0.0667008659862
0.0666409776156
0.06658114446
0.0665213664688
0.0664616435912
0.0664019757765
0.066342362974
0.0662828051333
0.0662233022037
0.0661638541348
0.0661044625228
0.0660451260314
0.0659858442477
0.0659265989749
0.0658673694468
0.0658082090415
0.0657494035377
0.0656906522792
0.0656319552161
0.0655733122987
0.0655147234772
0.0654561887018
0.065397707923
0.0653392810911
0.0652809081565
0.0652225873307
0.0651643192219
0.0651061048643
0.065047938505
0.0649897786764
0.0649316724939
0.0648736199081
0.0648156208698
0.0647576753297
0.0646997832386
0.0646419445475
0.0645841592072
0.0645264271688
0.0644687483833
0.0644111228016
0.0643535091416
0.0642959350089
0.0642384139781
0.0641809460005
0.0641235310273
0.0640661690098
0.0640088598994
0.0639516036473
0.0638944002051
0.0638372495242
0.063780151556
0.0637230884171
0.0636660300361
0.0636090417298
0.0635524345479
0.0634958790398
0.0634393734249
0.0633829199614
0.0633265186012
0.0632701692967
0.0632138719999
0.0631576266632
0.0631014332387
0.0630452290211
0.0629890672906
0.0629329573869
0.0628768992625
0.0628208928698
0.0627649381613
0.0627090350894
0.0626531836069
0.0625973845148
0.0625416369246
0.0624859407809
0.0624302540493
0.0623745745083
0.0623189463414
0.0622633695013
0.0622078439408
0.0621523696129
0.0620969464705
0.0620415744665
0.0619862517832
0.061930978781
0.0618760300452
0.061821282662
0.06176649092
0.0617117497773
0.0616570591875
0.0616024191041
0.0615478283047
0.0614932840971
0.0614387902609
0.0613843462553
0.0613299497993
0.0612756035788
0.0612213075476
0.0611669868181
0.0611126750133
0.0610584133509
0.0610042017847
0.0609500402689
0.0608959287574
0.0608418672044
0.0607878555639
0.0607338939559
0.0606799822237
0.0606261202666
0.0605722796247
0.0605184020498
0.060464574204
0.0604107960417
0.0603570675172
0.060303388585
0.0602498716882
0.0601967920784
0.060143686872
0.0600906008264
0.0600375638373
0.0599845758598
0.0599316368489
0.0598787467597
0.0598259055473
0.0597731080971
0.0597202416352
0.0596674240106
0.0596146551784
0.0595619350939
0.0595092669567
0.0594566476839
0.0594040770221
0.0593514965433
0.0592988900033
0.0592463320439
0.0591938226208
0.0591413616893
0.059088949205
0.0590367694917
0.0589849324012
0.058932998722
0.0588810912838
0.0588292318305
0.0587774203183
0.0587256567031
0.0586739409411
0.0586222729883
0.0585706059319
0.0585188425355
0.0584671275996
0.0584154604435
0.0583638410233
0.0583122692953
0.0582608309888
0.0582098468678
0.0581587764284
0.0581076639363
0.0580565987133
0.058005580716
0.0579546099012
0.0579036862257
0.0578528096463
0.0578019741083
0.0577509624407
0.0577000054296
0.0576490955104
0.0575982326398
0.0575474167747
0.0574965746572
0.0574462164175
0.0573959255396
0.0573456837615
0.0572954884831
0.0572453396618
0.0571950865321
0.0571447830781
0.0570945261386
0.0570443156709
0.0569941494527
0.0569440277553
0.0568936967187
0.0568433905096
0.0567931307747
0.0567429174713
0.0566932500622
0.0566437152592
0.0565939644712
0.0565442606388
0.0564946027786
0.0564449908484
0.0563954248061
0.0563457226145
0.0562958694023
0.056246062241
0.0561963010885
0.0561468349747
0.0560978538932
0.056048565596
0.0559992402988
0.0559499607155
0.0559007266951
0.055851538196
0.0558023476593
0.0557527379903
0.0557031706557
0.0556536490748
0.0556041732058
0.055555565466
0.0555068276847
0.0554578349137
0.0554088874167
0.0553599851523
0.055310849638
0.0552615862782
0.055212367253
0.0551631919246
0.0551136550056
0.0550640598686
0.0550150503634
0.0549665306295
0.0549174947251
0.0548684926355
0.0548195357562
0.054770499119
0.054720979533
0.054671505421
0.0546220765967
0.054572357815
0.0545223986966
0.0544732062085
0.0544240617454
0.0543749459228
0.0543248782407
0.0542748566607
0.0542248811402
0.0541755070173
0.0541257958409
0.0540757869108
0.0540258240298
0.0539751164678
0.0539241789751
0.0538736850869
0.0538237287217
0.0537728643288
0.0537218247
0.0536706139097
0.0536185779742
0.0535668250514
0.0535150839839
0.0534628243448
0.053410609161
0.0533572272713
0.0533032850644
0.0532488337302
0.0531934983175
0.0531364972794
0.0530769756139
0.0530130126844
0.0529422625168
0.052863445117
0.0527729640691
0.0526703496041
0.0525545791777
0.0524335533483
0.0523115706747
0.0521994277118
0.0521083927897
0.0520411044854
0.0520018044471
0.0519843512632
0.0519830029391
0.0519829055059
0.0519803983842
0.0519674731936
0.0519401832921
0.0518999858331
0.05184873169
0.05178893959
0.0517234592695
0.0516529292077
0.0515779209287
0.0515002861925
0.0514208637062
0.0513372967561
0.0512509126741
0.0511633687113
0.0510704810409
0.0509750142117
0.0508762245584
0.050772247041
0.0506641525677
0.0505520068691
0.0504350245688
0.0503106876647
0.0501811927461
0.0500458758598
0.0499014107474
0.0497485269101
0.0495880778703
0.0494181004608
0.0492350966197
0.049039119164
0.0488309386177
0.0486077978957
0.0483699171757
0.048108054251
0.0478270557881
0.0475213584429
0.0471897582215
0.0468270316807
0.0464302185685
0.0459959520397
0.0455176354911
0.0449832319153
0.0443941244529
0.0437398865067
0.0430120842729
0.0421927240138
0.0412650801389
0.0402174784137
0.0390291368521
0.0376752042006
0.0361269721391
0.0343184885478
0.0321939628122
0.0296664604424
0.0266169934755
0.0229916467127
0.0188543008067
0.0145348459996
0.0105860651531
0.0073893264412
0.00507766714406
0.00351650688672
0.00250658018692
0.00186660859191
0.00146834994201
0.00122381253342
0.00108831557516
0.00103334515861
0.00104881824043
0.0011371482691
0.00131578537449
0.00161498897841
0.00209861044256
0.00285421381967
0.00401100105553
0.00571921691021
0.00808273358583
0.0110171026091
0.0142674932013
0.0174682935495
0.0203536163659
0.0228105993174
0.0248997274473
0.0266735556226
0.0282183485424
0.0295767908861
0.0307740221026
0.0318554715265
0.0328139947958
0.0336820980513
0.0344696316334
0.0351772157667
0.035821172744
0.0364044879317
0.0369388870986
0.037424332481
0.0378701171953
0.0382808803574
0.0386534778088
0.0389986319411
0.0393198694026
0.0396102874709
0.0398815908553
0.0401335379508
0.0403606065915
0.0405774661508
0.0407710523955
0.0409575678596
0.041126162421
0.0412846557321
0.0414317781121
0.0415680456534
0.0416922411684
0.0418102633738
0.0419213907394
0.0420222732633
0.0421168570448
0.0422070341446
0.0422859759171
0.0423627296491
0.0424331376131
0.0424972205577
0.0425599611619
0.0426133119766
0.0426646292466
0.0427137458211
0.0427587334431
0.042797933071
0.0428353856803
0.0428718225054
0.042901561926
0.0429292194252
0.0429558980499
0.0429804863866
0.0430001044775
0.0430184286128
0.0430355647255
0.0430518659772
0.0430626636523
0.043073570188
0.0430837955093
0.0430911257952
0.0430954847592
0.0430992230202
0.0431019890276
0.0431043403825
0.0431068936384
0.0431050677389
0.0431018457254
0.043098665077
0.0430941957405
0.0430897223318
0.0430851419629
0.0430762962221
0.0430674950031
0.0430584135515
0.0430486802315
0.0430389484471
0.0430278129435
0.0430142665936
0.0430007020026
0.0429866913133
0.0429724064548
0.0429581110882
0.0429433181281
0.042928372164
0.0429116564471
0.0428934790283
0.0428752494849
0.0428570726063
0.0428382943574
0.0428195569497
0.0428008091935
0.0427813933488
0.0427601749239
0.0427388108245
0.0427171255999
0.0426954581213
0.0426737972212
0.0426519363218
0.0426298351077
0.0426067609097
0.0425827758515
0.0425584953842
0.042534092239
0.0425097218538
0.0424853460227
0.0424606384993
0.0424359635221
0.0424112931189
0.0423865199697
0.0423615472517
0.0423350496301
0.0423085764157
0.0422818918673
0.0422551487785
0.0422284117956
0.0422016737185
0.0421747046734
0.0421477667552
0.0421205162011
0.0420922563026
0.0420637993335
0.0420352927692
0.0420068229691
0.041978384377
0.0419498349528
0.0419212132208
0.0418926185905
0.0418640550745
0.0418353109617
0.0418065647969
0.0417778506247
0.0417491674764
0.0417194212474
0.041689220556
0.041659050913
0.041628832015
0.0415983962251
0.0415678673067
0.0415369426084
0.0415054406206
0.0414732497079
0.0414402778305
0.0414065872746
0.0413727659183
0.0413389766012
0.0413062911647
0.0412753046077
0.0412455309768
0.0412168710882
0.0411891159058
0.0411616273141
0.0411338728619
0.0411053930869
0.0410761489498
0.0410461393041
0.0410157507982
0.0409849471047
0.0409539143328
0.0409229077468
0.0408917677776
0.0408605964687
0.04082945592
0.0407982253357
0.0407663762382
0.0407344213224
0.0407024973617
0.0406706043298
0.0406387422001
0.0406069119991
0.0405751134014
0.040543279593
0.0405114231492
0.0404795970162
0.0404478000076
0.0404160323294
0.0403842416307
0.040352433199
0.0403206449615
0.0402882656294
0.0402559133557
0.0402235883257
0.0401912941794
0.0401589783492
0.0401266579335
0.0400943683603
0.0400621102916
0.0400298836376
0.0399976877445
0.0399654394867
0.0399332108588
0.0399010129542
0.0398688490035
0.0398367165631
0.0398046147632
0.0397725435769
0.0397404759211
0.0397083765817
0.039676304652
0.0396440998125
0.0396115556595
0.0395790422652
0.0395465596023
0.0395141076435
0.0394816421152
0.0394491819115
0.0394167484937
0.0393843457092
0.0393519735307
0.0393196319309
0.0392873208827
0.0392550337053
0.0392227156354
0.0391904279659
0.0391581707621
0.0391259440098
0.039093747682
0.0390615817516
0.0390294461914
0.038997308869
0.0389651692041
0.0389330699955
0.038900795938
0.0388683196612
0.038835873864
0.0388034585188
0.0387710735984
0.0387386606656
0.0387062743995
0.0386739201858
0.0386415963225
0.0386093027824
0.0385770395381
0.0385448065625
0.0385126038283
0.0384804313083
0.0384482885631
0.0384161252281
0.038383986408
0.0383518777267
0.0383197991569
0.0382877506717
0.0382557322439
0.0382237438465
0.0381917831278
0.03815980629
0.0381278590994
0.0380959401605
0.0380640511467
0.0380321920309
0.0380003627862
0.0379685633859
0.0379367889542
0.0379049662956
0.0378731734497
0.0378413339104
0.0378092980202
0.0377771316794
0.0377448861194
0.0377123368379
0.0376792751252
0.0376454728032
0.0376106263454
0.0375747683511
0.0375381302497
0.0375014650271
0.0374658805763
0.0374322546932
0.0374011518048
0.0373724908686
0.0373453332681
0.0373186966136
0.0372917569016
0.0372637749735
0.0372347884011
0.0372048122806
0.0371742382859
0.0371432713886
0.0371121029953
0.0370808307778
0.0370495781368
0.0370182581406
0.0369869674059
0.0369557057279
0.036924472074
0.0368932676033
0.0368620519503
0.0368308587659
0.0367996947146
0.0367685597701
0.0367374539062
0.0367063770964
0.0366753293653
0.0366443071222
0.0366132924505
0.0365823067435
0.0365513499749
0.0365204067386
0.0364894804741
0.0364585830865
0.0364277145497
0.0363968748377
0.0363660639244
0.0363352817836
0.0363045282953
0.0362738033841
0.0362431071675
0.0362124396198
0.0361817679982
0.0361511183096
0.0361204972366
0.0360899047533
0.0360593408338
0.0360288054523
0.0359982985828
0.0359678201998
0.0359373690646
0.03590694633
0.0358765520053
0.035846169389
0.0358157906387
0.0357854402469
0.035755118188
0.0357248244362
0.0356945589661
0.0356643217519
0.0356341127682
0.0356039332028
0.0355737827823
0.0355436605143
0.0355135663733
0.0354834612617
0.0354533839666
0.0354233347467
0.0353933135768
0.0353633221468
0.0353333587501
0.0353034233261
0.0352735003992
0.035243583582
0.0352136946849
0.0351838336827
0.0351540005501
0.035124195262
0.035094417793
0.035064668118
0.0350349462119
0.0350052520494
0.0349755856055
0.0349459966271
0.0349165815412
0.034887193426
0.0348578328091
0.0348284996657
0.0347991939709
0.0347699157
0.0347406648283
0.0347114277277
0.0346821962082
0.0346529920352
0.0346238151839
0.0345946654405
0.0345655426136
0.0345364470348
0.0345073786796
0.0344783094715
0.0344492595297
0.0344202367596
0.0343912411366
0.0343622726364
0.0343333312344
0.0343044169061
0.034275525889
0.0342466277137
0.0342177554178
0.0341889101218
0.0341600918012
0.0341313004317
0.034102535989
0.0340737984486
0.0340453266474
0.0340169290036
0.0339885580205
0.0339602136743
0.0339318958025
0.0339036048332
0.0338753404862
0.0338471026803
0.0338188409926
0.0337906043059
0.0337623941187
0.0337342104071
0.0337060531474
0.0336779223158
0.0336498178886
0.0336217236919
0.0335936150673
0.0335655328088
0.0335374768928
0.0335094472956
0.0334814439934
0.0334534669627
0.0334255263558
0.0333979037415
0.0333702874523
0.0333426971819
0.033315132907
0.0332875951243
0.0332600834881
0.0332325977776
0.033205125986
0.0331776168476
0.0331501336065
0.0331226762394
0.0330952447233
0.0330678390351
0.0330404591516
0.0330131050497
0.0329860362162
0.0329590253792
0.0329320401002
0.0329050803565
0.0328781461254
0.0328512373842
0.0328242938338
0.0327973647718
0.0327704613093
0.032743583334
0.0327167307721
0.0326898898329
0.0326630060376
0.0326361476307
0.0326093145898
0.0325827523704
0.0325563708926
0.0325299734658
0.0325035489783
0.0324771495891
0.032450775276
0.032424426017
0.0323981017899
0.0323717240911
0.0323453432294
0.0323189873857
0.0322927360324
0.032266851635
0.0322409859765
0.0322150255656
0.0321890899217
0.0321631820916
0.0321372993456
0.0321114413001
0.0320855619287
0.0320596132083
0.0320336891883
0.0320077898471
0.0319823095984
0.0319569638879
0.0319315383951
0.0319060793359
0.0318806446946
0.03185523445
0.0318298485809
0.0318044870663
0.0317789576815
0.0317534473171
0.0317279613296
0.0317026886098
0.0316777550492
0.031652815503
0.031627740826
0.0316026902863
0.0315776638632
0.0315525905383
0.0315274487758
0.0315026829494
0.0314780477129
0.0314533154562
0.0314285369638
0.0314037824019
0.0313790517499
0.0313541612268
0.0313293516629
0.0313049912274
0.0312806511591
0.0312560985015
0.0312315696088
0.0312070673902
0.0311825265818
0.0311577952636
0.0311334197655
0.031109322242
0.0310851003455
0.0310607254873
0.0310363742361
0.0310120465719
0.0309875139966
0.0309628581837
0.0309387788195
0.030914749754
0.0308903909915
0.0308659722015
0.0308415768138
0.0308173247681
0.030793078718
0.0307688561024
0.030744572452
0.0307199706446
0.030695392386
0.0306710104215
0.0306465663235
0.0306221456752
0.0305974977256
0.0305725710569
0.0305476749491
0.0305228717594
0.0304979276199
0.0304730078525
0.0304475718889
0.0304220323517
0.0303969451782
0.0303711188392
0.0303452558784
0.0303193645398
0.0302927499831
0.0302664352673
0.030239929924
0.0302125526591
0.0301852005273
0.0301577105765
0.0301297070684
0.03010130227
0.0300723881443
0.0300429115805
0.0300129728217
0.0299823330971
0.0299513762806
0.0299190749153
0.0298866997806
0.0298534575568
0.0298195246336
0.0297839449369
0.0297477078619
0.0297104215157
0.029671472954
0.0296314940065
0.0295898896052
0.0295463567391
0.0295014032732
0.0294538145248
0.0294043918274
0.029352562802
0.0292974312158
0.0292404939912
0.0291785944023
0.0291140353554
0.0290457155828
0.0289713941492
0.0288928206981
0.0288093543175
0.028718452658
0.0286207983442
0.028515359032
0.0284011474395
0.0282763664104
0.0281407706779
0.0279922470523
0.0278296873575
0.0276513181987
0.0274535479063
0.0272358214565
0.026994391649
0.0267243059481
0.0264220162402
0.0260853325526
0.0257081906908
0.0252811356296
0.0247998404113
0.024256094802
0.0236358627313
0.0229341063007
0.0221322816057
0.0212185690834
0.0201729007913
0.0189753673799
0.0176061520364
0.0160356435459
0.0142252877191
0.012125390584
0.00975125702653
0.00722838613195
0.00490394199664
0.00310355283216
0.00191925631572
0.00121317652096
0.000816287840696
0.000599271408043
0.000486038592193
0.000439222822392
0.000443655143873
0.000500105934965
0.000626171514756
0.000858983965426
0.00127143229477
0.001965780313
0.00303860352385
0.00448606107458
0.00614091208071
0.00777140609197
0.00925015702958
0.0105490453109
0.0116974650008
0.012720567954
0.0136450497894
0.0144793821091
0.0152354939012
0.0159195104767
0.0165431105967
0.0171129423286
0.0176306734224
0.018100983006
0.0185307240107
0.0189291700301
0.0192893320234
0.0196234293717
0.019932027554
0.0202157932541
0.0204780273936
0.0207197664505
0.0209391689078
0.0211474391468
0.0213412702858
0.0215175994545
0.0216846352888
0.0218402123074
0.0219825772617
0.0221176035253
0.0222430216248
0.0223576835087
0.0224682770223
0.0225691934314
0.0226664157198
0.0227541203032
0.0228395239095
0.0229167514463
0.0229911931149
0.0230593199708
0.0231248568716
0.0231833877966
0.0232395575447
0.0232951727116
0.023344579322
0.0233921312482
0.0234343884487
0.0234745198812
0.0235145800553
0.0235502924077
0.0235829605162
0.0236155406024
0.0236452310258
0.0236716905025
0.0236980068727
0.0237223550101
0.0237437046903
0.0237645633811
0.0237847222326
0.0238008649198
0.0238169240674
0.0238326450683
0.0238470826268
0.0238586323033
0.0238700390592
0.0238811622851
0.0238906864281
0.0238983691163
0.0239058629028
0.0239131204294
0.0239182830074
0.0239220661329
0.0239257167247
0.0239294378554
0.0239328118643
0.0239360757115
0.0239363061849
0.0239361180929
0.0239359715583
0.0239357915858
0.0239353707077
0.0239341265205
0.0239311439561
0.0239279970734
0.0239248676519
0.0239216333585
0.0239182847989
0.023913499063
0.0239079699043
0.0239024153035
0.0238968956017
0.0238912110233
0.0238854278012
0.0238777629013
0.0238699160566
0.0238620791597
0.023854252595
0.0238462795476
0.0238383387814
0.0238303831509
0.0238215578056
0.023811731624
0.0238018568132
0.0237919006606
0.023781971206
0.0237720636268
0.0237620749385
0.0237520383391
0.023740828563
0.0237293830248
0.023717845626
0.0237062935999
0.0236947621142
0.0236832590479
0.0236716280387
0.0236597602402
0.0236470078964
0.0236342470748
0.0236214230247
0.0236086175554
0.0235958238095
0.0235830064908
0.0235701555051
0.0235566139148
0.0235426411915
0.0235286293394
0.023514598186
0.0235005856559
0.0234865910009
0.0234725483045
0.0234585023885
0.0234444742937
0.0234304750139
0.0234164075345
0.0234021189922
0.0233870524894
0.0233719856022
0.0233568874697
0.0233418028997
0.0233267351253
0.0233116408054
0.0232965404682
0.0232814575166
0.0232663919409
0.0232511936521
0.0232353303143
0.0232194232386
0.0232035334065
0.0231876608065
0.023171805427
0.0231559672562
0.0231401033983
0.0231242429321
0.023108396016
0.0230925633601
0.0230767028286
0.0230603582106
0.0230437290535
0.0230271170502
0.0230105153402
0.022993879349
0.0229772599632
0.022960634483
0.0229439430271
0.022927157646
0.0229100503305
0.0228922889171
0.0228734413486
0.0228531038755
0.022831520282
0.0228098101561
0.0227896595196
0.0227721706809
0.0227577871967
0.022745549056
0.0227335801721
0.0227205862177
0.0227060336148
0.0226902765164
0.022673751084
0.022656858908
0.0226398231584
0.022622735431
0.0226056152861
0.0225884954468
0.0225713925815
0.022554306676
0.0225372211343
0.0225201341668
0.0225026069345
0.0224849601867
0.0224673305288
0.022449712149
0.0224320875715
0.022414480051
0.0223968895729
0.0223793161225
0.0223617596853
0.0223441876453
0.02232663077
0.0223090908772
0.0222915679524
0.0222740619811
0.0222565459185
0.0222390412329
0.0222215521397
0.022204037823
0.0221865272597
0.0221687105943
0.0221504819568
0.0221319229663
0.0221124138754
0.022090892135
0.0220658946792
0.0220363720891
0.0220032310786
0.021970213054
0.0219428622444
0.0219254393484
0.0219177724634
0.0219154450605
0.0219129330695
0.0219066113216
0.0218957789092
0.0218815346944
0.0218653761702
0.0218483412939
0.0218309850278
0.0218134861466
0.0217959444172
0.021778404413
0.0217607225552
0.0217427482988
0.0217247909847
0.0217068505977
0.0216889203168
0.0216709867285
0.0216530700368
0.0216351702264
0.0216172872824
0.0215994140768
0.0215815467525
0.0215636962592
0.0215458625818
0.0215280457054
0.0215102456149
0.0214924578075
0.0214746698752
0.0214568986954
0.0214391442534
0.0214213627643
0.0214035297758
0.0213855564494
0.0213672220189
0.0213483450767
0.0213288156886
0.0213088961245
0.0212892591604
0.0212707264611
0.0212534938312
0.0212374540092
0.0212218721146
0.0212060066303
0.0211894842418
0.0211723733212
0.0211548908188
0.0211372209715
0.0211194729358
0.0211017307685
0.0210839769857
0.0210662398172
0.0210485162238
0.021030796732
0.0210130938191
0.02099540747
0.0209777376698
0.0209600844036
0.0209424476564
0.0209248274133
0.020907222967
0.0208896258184
0.0208720451352
0.0208544809027
0.0208369331059
0.0208194017301
0.0208018867603
0.0207843881819
0.02076690598
0.0207491967954
0.020731483038
0.0207137857784
0.0206961050015
0.0206784406925
0.0206607928363
0.020643161418
0.0206255464228
0.0206079455671
0.0205903528625
0.0205727765432
0.020555216594
0.0205376730003
0.0205201457471
0.0205026348197
0.0204851306569
0.0204676415864
0.0204501688041
0.0204327122954
0.020415271121
0.0203978251097
0.020380395342
0.0203629632902
0.0203455207631
0.0203279926233
0.0203102287466
0.020291847933
0.0202721751825
0.0202503773054
0.0202262278045
0.0202009484776
0.0201772429016
0.0201580757259
0.0201443705242
0.0201344707998
0.0201252190917
0.0201142516945
0.0201008815095
0.0200856069753
0.0200690862444
0.0200521049455
0.0200349555492
0.0200177518821
0.0200005385457
0.0199833285269
0.0199661321846
0.0199489378542
0.0199317594984
0.0199145971026
0.0198974506523
0.0198803117229
0.0198631847436
0.0198460736748
0.0198289785019
0.0198118992103
0.0197948357857
0.0197777882136
0.0197607547363
0.0197437326305
0.0197267265995
0.0197097364294
0.0196927620437
0.0196758034281
0.0196588605681
0.0196419334495
0.0196250220578
0.0196081263787
0.0195912428262
0.0195743723512
0.0195575175502
0.0195406784088
0.0195238549129
0.0195070470481
0.0194902548002
0.019473478155
0.0194567170982
0.0194399716158
0.0194232416934
0.0194065259872
0.0193898202211
0.0193731299773
0.0193564552416
0.0193397970306
0.0193231543316
0.0193065270977
0.0192899153148
0.019273318969
0.019256738046
0.0192401725319
0.0192236224126
0.0192070514688
0.0191904773644
0.0191739186502
0.0191573753122
0.0191408473363
0.0191243347086
0.019107837415
0.0190913555227
0.0190748889618
0.0190584376931
0.0190420017027
0.0190255792638
0.0190091689505
0.018992773877
0.0189763940294
0.0189600293939
0.0189436799567
0.0189273457037
0.0189110266213
0.0188947183831
0.0188784240516
0.0188621448529
0.0188458812084
0.018829633017
0.0188133999167
0.0187971818936
0.018780978934
0.0187647910241
0.0187486181504
0.018732460299
0.0187163170943
0.0187001826109
0.0186840631135
0.0186679585883
0.0186518690216
0.0186357943999
0.0186197347095
0.0186036892472
0.0185876573951
0.018571640435
0.0185556383532
0.0185396511362
0.0185236766814
0.0185077158967
0.0184917699383
0.0184758387929
0.0184599224469
0.0184440208867
0.0184281340991
0.0184122668887
0.018396404013
0.0183805558733
0.018364722456
0.0183489037479
0.0183330987461
0.0183173083792
0.018301532682
0.0182857696631
0.0182700187138
0.0182542823971
0.0182385607724
0.0182228538103
0.0182071614407
0.0181914836506
0.0181758204264
0.0181601658963
0.0181445249356
0.0181288985057
0.0181133241811
0.0180978775072
0.0180824452243
0.0180670264429
0.0180516163735
0.0180362203954
0.0180208387606
0.018005471456
0.0179901184687
0.0179747797856
0.0179594553937
0.0179441452802
0.0179288437232
0.0179135547334
0.0178982799878
0.0178830206842
0.0178677760591
0.0178525456385
0.0178373294093
0.0178221200242
0.0178069217377
0.0177917376109
0.0177765673569
0.0177614096415
0.0177462660485
0.017731136565
0.0177160167163
0.0177009088894
0.0176858151379
0.0176707354489
0.0176556698098
0.0176406146859
0.0176255665121
0.0176105303591
0.0175957023813
0.0175809183049
0.017566141743
0.0175513790143
0.017536579682
0.0175216918525
0.0175065578148
0.0174908526959
0.0174742667265
0.0174568355049
0.017439361582
0.0174231241166
0.0174090599581
0.01739681157
0.0173851062827
0.0173728804774
0.0173596966565
0.0173457770114
0.0173314593248
0.0173169793558
0.0173024727973
0.0172879504511
0.0172735736389
0.0172593482786
0.0172451363443
0.0172309378239
0.0172167482753
0.0172025583235
0.0171883816105
0.0171742181512
0.017160068056
0.0171459202275
0.0171317780999
0.0171176493107
0.017103533848
0.0170894316998
0.0170753248934
0.0170612306463
0.0170471494632
0.0170331234827
0.0170193735977
0.0170056368135
0.0169919131184
0.016978194281
0.0169644737208
0.0169507665096
0.0169370723523
0.0169233779374
0.0169096849759
0.0168960056489
0.0168823405784
0.0168689398127
0.0168556346367
0.0168423426437
0.0168290636656
0.0168157662887
0.0168024793661
0.0167892037543
0.0167759363773
0.016762651247
0.0167493789308
0.0167361104427
0.0167229659456
0.0167101196367
0.0166972655307
0.0166844048605
0.0166715567906
0.0166586957823
0.0166458282273
0.0166329716886
0.0166204135141
0.0166079778242
0.0165955553592
0.0165830928214
0.0165706344861
0.0165581893114
0.016545688477
0.0165332609153
0.0165212887217
0.0165092647264
0.0164972528507
0.0164852241369
0.0164731553221
0.0164610762253
0.0164494697945
0.0164378564235
0.0164261850437
0.0164145090619
0.0164029629186
0.0163918072583
0.0163805603586
0.0163693157664
0.0163579621788
0.01634661583
0.0163358878692
0.0163251510315
0.0163142928421
0.0163032887388
0.0162922479792
0.016281733659
0.0162707791295
0.0162588189474
0.0162445685569
0.0162233373054
0.0161891877634
0.0161397022249
0.0160852544381
0.0160453872191
0.0160381716612
0.0160625060417
0.0160981880774
0.0161258649679
0.0161387322664
0.0161391617382
0.0161332512143
0.0161252932778
0.01611614009
0.0161071014668
0.0160973711084
0.0160879611777
0.01607768825
0.0160674134153
0.0160564201089
0.0160447598326
0.0160323841198
0.0160187286327
0.0160039247657
0.0159871505764
0.0159680448749
0.0159456802795
0.0159196806531
0.0158883377223
0.0158501964429
0.015802842729
0.0157430121723
0.0156663071763
0.0155664771899
0.015433100482
0.0152504344253
0.0149933909448
0.0146177847761
0.0140241251782
0.0129815421632
0.0110183719815
0.00786911859923
0.00458865048939
0.00244727468986
0.00138758868091
0.000919272072765
0.0007412256367
0.000738402619985
0.000905880549769
0.00134066395104
0.00227771537449
0.00401154445906
0.00639150860886
0.00855273300821
0.00999549463398
0.0109011389512
0.0115202453363
0.0119811445172
0.0123379258179
0.012623492027
0.0128562835636
0.0130467803003
0.0132062422335
0.0133422012691
0.0134568040919
0.0135552728466
0.0136397930671
0.0137121488042
0.0137745210679
0.0138281559551
0.0138764538122
0.0139194089325
0.0139575553242
0.0139931720865
0.0140221356728
0.0140491475886
0.0140710536991
0.0140921313207
0.0141089501722
0.0141247792936
0.0141376359258
0.0141493024458
0.0141585904344
0.0141675917914
0.0141744507422
0.01418032654
0.0141856467085
0.0141890165666
0.0141921979698
0.0141938983012
0.0141946917907
0.0141953595241
0.0141958909401
0.0141947612133
0.0141931500489
0.0141914585199
0.0141896658589
0.0141861317348
0.0141825185805
0.0141788598965
0.0141751171035
0.0141713005499
0.0141660499244
0.0141607226018
0.0141553644944
0.0141499620711
0.0141444870551
0.0141381104315
0.0141316762379
0.014125220281
0.0141181032621
0.0141107837355
0.0141033954751
0.0140960145872
0.0140886154579
0.0140811849463
0.0140736172302
0.0140652811237
0.0140569622416
0.0140486300187
0.0140402748752
0.0140319292974
0.0140235509961
0.0140147393867
0.0140056870621
0.0139966250245
0.0139875714854
0.0139784892664
0.0139694134682
0.0139603463942
0.013951104997
0.0139414307969
0.0139317678941
0.0139221002422
0.013912423721
0.01390275405
0.0138930833825
0.0138834002465
0.013873727116
0.0138639245424
0.0138536673302
0.0138432577025
0.0138323664298
0.0138203222268
0.0138063900532
0.0137908913867
0.0137760224508
0.0137647241627
0.0137578132716
0.0137530557368
0.0137476021727
0.0137401283911
0.0137307039835
0.0137205288048
0.0137100780429
0.013699559427
0.0136890259128
0.0136784832484
0.0136679509138
0.013657422919
0.0136468927651
0.0136363709646
0.0136258558481
0.0136153422341
0.0136048389086
0.013594303514
0.0135835001692
0.0135726958277
0.0135619014532
0.0135511174881
0.0135403400018
0.0135295660807
0.0135188025045
0.0135080496658
0.0134972956611
0.0134865519793
0.0134758186113
0.0134650955482
0.0134543837813
0.0134436718894
0.0134329702795
0.0134220702373
0.0134111563049
0.0134002508581
0.0133893557641
0.0133784710138
0.0133675899626
0.0133567188488
0.0133458580548
0.0133350064725
0.0133241581826
0.0133133201891
0.0133024924829
0.0132916717432
0.0132808548478
0.0132700482171
0.0132592518423
0.0132484614665
0.0132376779633
0.0132269046924
0.0132161416448
0.0132053829493
0.0131946305919
0.0131838884355
0.0131731569624
0.0131624329049
0.0131517112796
0.0131409998242
0.0131302956605
0.0131195947837
0.0131089012269
0.0130982175335
0.0130875439447
0.0130768689509
0.0130662048576
0.0130555475611
0.0130448873519
0.0130342382027
0.013023593961
0.0130129522175
0.0130023200059
0.0129916808423
0.0129810528671
0.0129704293684
0.0129597990265
0.0129491786105
0.0129385517359
0.0129280284068
0.0129177140811
0.0129074014104
0.0128970807114
0.0128867523989
0.0128764185125
0.0128660679523
0.0128557048281
0.0128453304188
0.0128349367158
0.0128249839976
0.012815004658
0.0128049855881
0.0127949224379
0.0127848064334
0.0127748322124
0.0127652606203
0.0127555859556
0.0127457942643
0.0127358404285
0.0127265325922
0.012717196818
0.0127075432639
0.0126979958058
0.0126888682686
0.0126790152014
0.0126695099924
0.0126590610639
0.0126483096564
0.0126354884826
0.0126181557865
0.0125845922339
0.0124816194039
0.0121203614828
0.0111029218067
0.00925579532157
0.00726131604565
0.00594476908451
0.00555273850315
0.00607855494696
0.00747991909542
0.0093894793571
0.0109807170431
0.011797338846
0.0120926788429
0.012190995035
0.0122302350026
0.0122501204999
0.0122612464352
0.0122668582238
0.0122687397204
0.0122683801533
0.0122664151145
0.0122627043364
0.0122582039097
0.0122524659403
0.0122464361195
0.0122398044494
0.0122323757112
0.0122248225
0.0122171553678
0.0122093918355
0.0122008656926
0.0121921467946
0.0121833414889
0.0121744142105
0.0121652747539
0.0121559562958
0.0121466454518
0.0121372372111
0.0121279121167
0.0121184115629
0.0121075237409
0.012092545798
0.0120692776393
0.0120364422075
0.0120028718498
0.0119845188161
0.0119884315463
0.012004283779
0.0120161083395
0.0120179960632
0.0120126511145
0.0120041803618
0.0119947714958
0.0119851321083
0.0119754249371
0.0119657004299
0.011955968411
0.0119462263444
0.0119364869132
0.0119267493723
0.0119170104818
0.0119072808184
0.0118975547464
0.0118878327388
0.0118781170279
0.0118683380005
0.0118585178942
0.0118487024595
0.0118388938487
0.0118290944748
0.0118192966726
0.0118095095243
0.0117997315915
0.0117899592906
0.0117801921718
0.0117704342479
0.0117606829641
0.0117509369038
0.0117412000174
0.0117314722968
0.0117217537336
0.0117120421492
0.0117023341575
0.0116926353031
0.0116829455776
0.0116732596843
0.0116635815011
0.0116539118743
0.0116442480739
0.0116345881577
0.0116249373302
0.0116152936393
0.0116056514795
0.011596017383
0.0115863879641
0.0115767586314
0.0115671365971
0.0115575110172
0.0115478839129
0.0115382558908
0.0115286188048
0.0115189695409
0.0115093010954
0.0114996016018
0.0114898475335
0.0114800171163
0.0114700436397
0.0114597820718
0.0114486333834
0.011433895202
0.0114049750669
0.0113345288279
0.0111877327344
0.0109787123227
0.0108111462021
0.0108012517337
0.0109500627564
0.0111410370715
0.0112696113835
0.011321722678
0.0113318916703
0.0113279419465
0.011320425961
0.0113120583463
0.0113033889471
0.0112945889266
0.0112856991951
0.0112767666169
0.0112677997276
0.0112588114233
0.0112498120136
0.0112408047075
0.0112317917926
0.0112227791349
0.0112137636679
0.0112047512775
0.0111957386313
0.0111868779858
0.0111780617818
0.0111692441281
0.0111604349836
0.0111516281526
0.0111428243205
0.0111340289802
0.0111252387888
0.0111164501997
0.0111076700845
0.0110988928359
0.0110901177564
0.0110813511337
0.0110726620859
0.0110641288155
0.0110555971996
0.0110470542665
0.0110384845944
0.0110297746475
0.0110204947852
0.0110092491026
0.0109936649652
0.0109731101874
0.0109529519354
0.0109420393018
0.0109426254406
0.0109473822844
0.0109484496153
0.0109444200576
0.0109375520696
0.0109297226979
0.0109216597423
0.0109135426396
0.0109054060216
0.0108972734323
0.0108892875188
0.0108814048927
0.0108735251192
0.0108656370216
0.0108577570185
0.0108498762698
0.010841993373
0.0108343129629
0.0108266897113
0.010819069547
0.0108114574201
0.0108038339082
0.0107962135987
0.0107887330897
0.0107814017131
0.0107740760246
0.0107667571515
0.0107594174278
0.0107520856954
0.0107448174813
0.0107378268231
0.0107308441733
0.0107238397272
0.0107168398413
0.0107098260711
0.010702850041
0.0106961943617
0.0106895181168
0.0106828452205
0.0106761383927
0.0106696535512
0.0106632750699
0.0106568961267
0.0106504808227
0.0106442598048
0.0106381736332
0.0106320875871
0.0106259363518
0.0106200456182
0.0106141737912
0.0106078869265
0.0106002512095
0.0105900732406
0.0105772754853
0.0105655817489
0.0105601506787
0.0105614151469
0.0105636585743
0.0105629465468
0.010559728052
0.0105552480204
0.0105505985186
0.0105458774896
0.0105410143352
0.0105364357874
0.0105317499632
0.0105271519872
0.0105225124633
0.0105178258198
0.0105131998012
0.0105083108221
0.0105034923411
0.0104983626555
0.0104929864228
0.0104873036055
0.0104811820876
0.0104744892568
