4938.05137325
4933.60185465
4929.15643699
4924.7151165
4920.2778894
4915.84475194
4911.41570035
4906.99073087
4902.56983974
4898.10385423
4893.62822061
4889.15670861
4884.68931444
4880.22603431
4875.76686443
4871.31180102
4866.86084029
4862.41397847
4857.97121179
4853.53253646
4849.09794874
4844.66744485
4840.24102103
4835.81867353
4831.4003986
4826.98619248
4822.57605142
4818.1699717
4813.76794956
4809.36998127
4804.97606311
4800.58619133
4796.20036221
4791.81857204
4787.4408171
4783.06709366
4778.69739802
4774.33172647
4769.9700753
4765.61244082
4761.25881932
4756.90920711
4752.5636005
4748.2219958
4743.88438932
4739.5507774
4735.22115634
4730.89552247
4726.57387212
4722.25620163
4717.94250733
4713.63278556
4709.32703267
4705.02524499
4700.72732287
4696.43280903
4692.14225004
4687.85564226
4683.57298206
4679.2942658
4675.01948984
4670.74865056
4666.48174429
4662.2187674
4657.95971633
4653.70458746
4649.45337718
4645.20608189
4640.96269797
4636.72322184
4632.48764396
4628.25596633
4624.02818571
4619.8042985
4615.58430112
4611.36818999
4607.15596152
4602.94761215
4598.7431383
4594.5425364
4590.3458029
4586.15293422
4581.96392682
4577.77877712
4573.59748159
4569.42003668
4565.24643884
4561.07668452
4556.91077019
4552.74869232
4548.59044737
4544.43603181
4540.28544212
4536.13867477
4531.99572625
4527.85659304
4523.72127163
4519.5897585
4515.46205016
4511.33814309
4507.21803381
4503.1017188
4498.98919459
4494.88045767
4490.77550457
4486.6743318
4482.57693587
4478.48331332
4474.39346066
4470.30737443
4466.22505116
4462.14648738
4458.07167964
4454.00062447
4449.93331842
4445.86975804
4441.80993988
4437.75386049
4433.70151644
4429.65290428
4425.60802058
4421.5668619
4417.52942482
4413.4957059
4409.46570174
4405.4394089
4401.41682396
4397.39794353
4393.38276418
4389.3712825
4385.3634951
4381.35939857
4377.35898952
4373.36226454
4369.36922025
4365.37985326
4361.39416019
4357.41213764
4353.43378225
4349.45909063
4345.48805941
4341.52068522
4337.5569647
4333.59689448
4329.6404712
4325.68769151
4321.73855204
4317.79304945
4313.85118039
4309.91294151
4305.97832947
4302.04734094
4298.11997257
4294.19622104
4290.27608301
4286.35955516
4282.44663416
4278.53731669
4274.63159944
4270.72947909
4266.83095233
4262.93547013
4259.04334352
4255.15480126
4251.26984007
4247.38845665
4243.5106477
4239.63640993
4235.76573967
4231.89862879
4228.03507925
4224.17508776
4220.31865104
4216.46576584
4212.61642886
4208.77063686
4204.92838656
4201.08967471
4197.25449804
4193.42285331
4189.59473725
4185.77014663
4181.94907819
4178.1315287
4174.31749491
4170.50697359
4166.6999615
4162.89645542
4159.09645211
4155.29994835
4151.50694091
4147.71742659
4143.93140216
4140.14886441
4136.36981013
4132.59423611
4128.82213915
4125.05351605
4121.28836361
4117.52667863
4113.76845793
4110.0136983
4106.26239658
4102.51454956
4098.77015408
4095.02920696
4091.29170501
4087.55764507
4083.82702397
4080.09983855
4076.37608563
4072.65576207
4068.93886469
4065.22539036
4061.51533591
4057.8086982
4054.10547409
4050.40566042
4046.70925407
4043.01625188
4039.32665074
4035.64044751
4031.95763906
4028.27822226
4024.60219399
4020.92955114
4017.26029058
4013.5944092
4009.9319039
4006.27277156
4002.61700907
3998.96461335
3995.31558127
3991.66990976
3988.02759571
3984.38863603
3980.75302764
3977.12076745
3973.49185238
3969.86627935
3966.24404528
3962.6251471
3959.00958173
3955.39734611
3951.78843718
3948.18285186
3944.58058711
3940.98163985
3937.38600705
3933.79368564
3930.20467259
3926.61896483
3923.03655934
3919.45745307
3915.88164298
3912.30912603
3908.73989921
3905.17395947
3901.61130379
3898.05192915
3894.49583253
3890.94301091
3887.39346127
3883.8471806
3880.30416589
3876.76441415
3873.22792235
3869.69450464
3866.1637688
3862.63628459
3859.11204901
3855.59105907
3852.07331178
3848.55880416
3845.04753323
3841.53949265
3838.03468075
3834.5330966
3831.03473724
3827.5395997
3824.04768101
3820.55897821
3817.07348834
3813.59120844
3810.11213555
3806.63626673
3803.16359902
3799.69412948
3796.22785516
3792.76477312
3789.30488042
3785.84817413
3782.39465131
3778.94430903
3775.49714436
3772.05315438
3768.61233616
3765.17468679
3761.74020335
3758.30888292
3754.88072259
3751.45571945
3748.0338706
3744.61517313
3741.19962413
3737.78722072
3734.37796
3730.97183906
3727.56885503
3724.16900501
3720.77228612
3717.37869548
3713.9882302
3710.60088741
3707.21666423
3703.8355578
3700.45756524
3697.08268368
3693.71091027
3690.34224214
3686.97667643
3683.61421028
3680.25484085
3676.89856527
3673.54538071
3670.19528432
3666.84827325
3663.50434467
3660.16349573
3656.8257236
3653.49102545
3650.15939845
3646.83083977
3643.50534659
3640.18291608
3636.86354542
3633.5472318
3630.23397241
3626.92376443
3623.61660505
3620.31249146
3617.01142087
3613.71339046
3610.41839745
3607.12643904
3603.83751242
3600.55161482
3597.26874344
3593.98889549
3590.71206819
3587.43825877
3584.16746444
3580.89968243
3577.63490997
3574.37314427
3571.11438259
3567.85862214
3564.60586017
3561.35609392
3558.10932063
3554.86553754
3551.6247419
3548.38693096
3545.15210198
3541.9202522
3538.69137889
3535.4654793
3532.2425507
3529.02259035
3525.80559552
3522.59156349
3519.38049151
3516.17237687
3512.96721685
3509.76476556
3506.56520133
3503.36858384
3500.17491037
3496.9841782
3493.79638463
3490.61152696
3487.42960249
3484.2506085
3481.07454231
3477.90140122
3474.73118254
3471.56388357
3468.39950163
3465.23803404
3462.07947512
3458.92382307
3455.77107733
3452.62123522
3449.47429407
3446.33025121
3443.18910396
3440.05084966
3436.91548566
3433.78300928
3430.65341788
3427.52670879
3424.40287936
3421.28192694
3418.16384888
3415.04864254
3411.93630527
3408.82683443
3405.72022738
3402.61648149
3399.51559412
3396.41756264
3393.32238442
3390.23005683
3387.14057725
3384.05394306
3380.97015164
3377.88920038
3374.81108664
3371.73580784
3368.66336134
3365.59374456
3362.52695488
3359.4629897
3356.40184641
3353.34352243
3350.28801516
3347.235322
3344.18544036
3341.13836766
3338.0941013
3335.05263871
3332.01397731
3328.97811451
3325.94504774
3322.91477442
3319.88729199
3316.86259788
3313.84068951
3310.82156432
3307.80521975
3304.79165325
3301.78086225
3298.7728442
3295.76759654
3292.76511673
3289.76540221
3286.76845045
3283.7742589
3280.78282501
3277.79414625
3274.80822009
3271.82504398
3268.8446154
3265.86693182
3262.89199071
3259.91978954
3256.9503258
3253.98359696
3251.01960051
3248.05833393
3245.09979471
3242.14398033
3239.19088829
3236.24051609
3233.29286121
3230.34792116
3227.40569344
3224.46617555
3221.52936499
3218.59525928
3215.66385593
3212.73515244
3209.80914633
3206.88583512
3203.96521632
3201.04728747
3198.13204607
3195.21948967
3192.30961578
3189.40242194
3186.49772795
3183.59535996
3180.69566509
3177.79864088
3174.90428487
3172.01259459
3169.1235676
3166.23720145
3163.35349368
3160.47244186
3157.59404352
3154.71829624
3151.84519756
3148.97474506
3146.1069363
3143.24176825
3140.3792351
3137.51933839
3134.6620757
3131.8074446
3128.95544267
3126.1060675
3123.25931666
3120.41518767
3117.57367811
3114.73478565
3111.89850787
3109.06484237
3106.23378674
3103.40533857
3100.57949548
3097.75625505
3094.9356149
3092.11757264
3089.30212586
3086.48927218
3083.67900921
3080.87133457
3078.06624588
3075.26374075
3072.46381681
3069.66647167
3066.87170298
3064.07950835
3061.28988541
3058.5028318
3055.71834516
3052.93642311
3050.15706331
3047.38026338
3044.60602098
3041.83433374
3039.06519933
3036.29861538
3033.53457954
3030.77308949
3028.01414286
3025.25773732
3022.50387053
3019.75254016
3017.00374386
3014.25747931
3011.51374417
3008.77253612
3006.03385282
3003.29769196
3000.56405122
2997.83292827
2995.1043208
2992.37822648
2989.65464301
2986.93356808
2984.21499938
2981.49893459
2978.78537142
2976.07430756
2973.36574071
2970.65966857
2967.95608885
2965.25499925
2962.55639748
2959.86028125
2957.16664827
2954.47549625
2951.78682292
2949.10062598
2946.41690317
2943.73565219
2941.05687079
2938.38055668
2935.70670759
2933.03532125
2930.3663954
2927.69992778
2925.03591611
2922.37435814
2919.7152516
2917.05859426
2914.40438383
2911.75261809
2909.10329477
2906.45641162
2903.81196641
2901.16995688
2898.5303808
2895.89323592
2893.25852001
2890.62592862
2887.99572362
2885.36794119
2882.74257909
2880.1196351
2877.49910698
2874.88099252
2872.2652895
2869.65199569
2867.04110887
2864.43262684
2861.82654737
2859.22286825
2856.62158729
2854.02270226
2851.42621096
2848.83211119
2846.24040075
2843.65107744
2841.06413906
2838.47958341
2835.89740831
2833.31761139
2830.74018716
2828.1651369
2825.59245844
2823.02214958
2820.45420815
2817.88863197
2815.32541887
2812.76456664
2810.20607313
2807.64993617
2805.09615359
2802.54472323
2799.99564291
2797.44891049
2794.90452379
2792.36248065
2789.82277892
2787.28541645
2784.75039108
2782.21770065
2779.68734303
2777.15931606
2774.63362096
2772.11026179
2769.58922684
2767.07051395
2764.55412099
2762.04004584
2759.52828635
2757.01884039
2754.51170584
2752.00688056
2749.50436243
2747.00414933
2744.50623913
2742.01062972
2739.51731898
2737.02630479
2734.53758503
2732.0511576
2729.56702039
2727.08517128
2724.60560817
2722.12832896
2719.65333155
2717.18061383
2714.7101737
2712.24200907
2709.77611785
2707.31249794
2704.85114725
2702.3920637
2699.93524519
2697.48068964
2695.02839497
2692.57835909
2690.13057993
2687.68505541
2685.24178346
2682.800762
2680.36198895
2677.92546226
2675.49117985
2673.05913966
2670.62933962
2668.20177767
2665.77645175
2663.3533598
2660.93249977
2658.5138696
2656.09746724
2653.68329064
2651.27133744
2648.86160257
2646.45408733
2644.04878966
2641.64570752
2639.24483889
2636.84618172
2634.44973397
2632.05549361
2629.66345861
2627.27362694
2624.88587864
2622.5001724
2620.11666365
2617.73535038
2615.35623055
2612.97930214
2610.60456315
2608.23201156
2605.86164534
2603.4934625
2601.12746101
2598.76363888
2596.4019941
2594.04252466
2591.68522856
2589.3301038
2586.97714838
2584.6263603
2582.27773758
2579.93127821
2577.5869802
2575.24484158
2572.90486034
2570.5670345
2568.23136208
2565.89784109
2563.56646957
2561.23724552
2558.91016697
2556.58523194
2554.26243847
2551.94178458
2549.62326831
2547.30688768
2544.99264072
2542.68052549
2540.37054
2538.06268231
2535.74782009
2533.42045673
2531.09523644
2528.77215724
2526.45121716
2524.13241424
2521.8157465
2519.50121199
2517.18880872
2514.87853475
2512.57038811
2510.26436684
2507.96046899
2505.6586926
2503.35903572
2501.0614964
2498.76607268
2496.47276262
2494.18156427
2491.89247568
2489.60549493
2487.32062005
2485.03784912
2482.7571802
2480.47861135
2478.20214064
2475.92776614
2473.65548591
2471.38529804
2469.11720058
2466.85119162
2464.58726923
2462.3254315
2460.0656765
2457.80800231
2455.55240703
2453.29888872
2451.0474455
2448.79807543
2446.55077662
2444.30554715
2442.06238512
2439.82128863
2437.58225578
2435.34528466
2433.11037337
2430.87752003
2428.64672273
2426.41797959
2424.1912887
2421.96664818
2419.74405615
2417.52351072
2415.30500999
2413.0885521
2410.87413241
2408.66175045
2406.45140569
2404.24309625
2402.03682026
2399.83257584
2397.63036112
2395.43017423
2393.23201332
2391.0358765
2388.84176192
2386.64966771
2384.45959203
2382.27153299
2380.08533196
2377.90114069
2375.71896066
2373.53879001
2371.36062689
2369.18446946
2367.01031587
2364.83816427
2362.66801283
2360.49985969
2358.33370302
2356.16954098
2354.00737173
2351.84719345
2349.68900429
2347.53280242
2345.37858602
2343.22635325
2341.0761023
2338.92783132
2336.78153851
2334.63722204
2332.4948801
2330.35451085
2328.21611249
2326.0796832
2323.94522117
2321.81272459
2319.68219164
2317.55362052
2315.42700943
2313.30235655
2311.17966009
2309.05891824
2306.94012921
2304.82329119
2302.70840239
2300.59546101
2298.48446527
2296.37541337
2294.26830351
2292.16313392
2290.0599028
2287.95860837
2285.85924885
2283.76182246
2281.66632739
2279.5727619
2277.48112419
2275.39141251
2273.30362506
2271.21776008
2269.13381581
2267.05179046
2264.97168228
2262.8934895
2260.81721036
2258.74284309
2256.67038593
2254.59983712
2252.53119492
2250.46445756
2248.39962328
2246.33669034
2244.27565698
2242.21652147
2240.15928203
2238.10393695
2236.05048446
2233.99892282
2231.9492503
2229.90146516
2227.85556565
2225.81155004
2223.76941661
2221.7291636
2219.69078929
2217.65429027
2215.61966421
2213.58691167
2211.55603093
2209.52702026
2207.49987794
2205.47460225
2203.45119147
2201.42964389
2199.40995778
2197.39213144
2195.37616315
2193.3620512
2191.34979389
2189.3393895
2187.33083632
2185.32413266
2183.31927682
2181.31626708
2179.31510175
2177.31577913
2175.31829752
2173.32265524
2171.32885058
2169.33688185
2167.34674737
2165.35844544
2163.37197438
2161.3873325
2159.40440497
2157.42319968
2155.44381872
2153.46626041
2151.49052307
2149.51660503
2147.54450461
2145.57422013
2143.60574992
2141.63909232
2139.67424566
2137.71120826
2135.74997846
2133.7905546
2131.83293502
2129.87711804
2127.92310202
2125.9708853
2124.02046621
2122.0718431
2120.12501433
2118.17997823
2116.23673315
2114.29527746
2112.35560949
2110.41772761
2108.48163016
2106.54731551
2104.61478202
2102.68402804
2100.75505193
2098.82785207
2096.9024268
2094.97877451
2093.05689355
2091.1367823
2089.21843913
2087.3018624
2085.3870505
2083.47400179
2081.56271465
2079.65318747
2077.74541861
2075.83940647
2073.93514942
2072.03264586
2070.13189415
2068.23289269
2066.33563988
2064.44013409
2062.54637372
2060.65435717
2058.76408282
2056.87554922
2054.98875499
2053.10369399
2051.22036783
2049.33877588
2047.45891653
2045.5807882
2043.70438929
2041.8297182
2039.95677335
2038.08555315
2036.216056
2034.34828033
2032.48222455
2030.61788707
2028.75526631
2026.89436069
2025.03516863
2023.17768856
2021.32191889
2019.46785806
2017.61550448
2015.7648566
2013.91591282
2012.0686716
2010.22313136
2008.37929053
2006.53714755
2004.69670085
2002.85794888
2001.02089007
1999.18552286
1997.35184571
1995.51985704
1993.68955531
1991.86093896
1990.03400644
1988.2087562
1986.38518669
1984.56329637
1982.74308368
1980.92454709
1979.10768504
1977.29249601
1975.47897844
1973.6671308
1971.85695155
1970.04843915
1968.24159208
1966.43640879
1964.63288775
1962.83102744
1961.03082632
1959.23226111
1957.43504836
1955.63949053
1953.84558608
1952.05333349
1950.26273125
1948.47377784
1946.68647173
1944.9008114
1943.11679536
1941.33442207
1939.55369003
1937.77459772
1935.99714364
1934.22132628
1932.44714412
1930.67459568
1928.90367943
1927.13439388
1925.36673753
1923.60070887
1921.83630641
1920.07352865
1918.3123741
1916.55284125
1914.79492862
1913.03863472
1911.28395805
1909.53089712
1907.77945045
1906.02961655
1904.28139394
1902.53478113
1900.78977664
1899.04637899
1897.3045867
1895.56439829
1893.82581228
1892.0888272
1890.35344158
1888.61965394
1886.88746281
1885.15686673
1883.42786421
1881.7004538
1879.97463403
1878.25040343
1876.52776055
1874.8066993
1873.08722252
1871.36932907
1869.6530175
1867.93828634
1866.22513416
1864.51355948
1862.80356086
1861.09513685
1859.38828599
1857.68300684
1855.97929796
1854.27715789
1852.57658519
1850.87757842
1849.18013615
1847.48425691
1845.78993929
1844.09718183
1842.4059831
1840.71634167
1839.0282561
1837.34172496
1835.65674683
1833.97332026
1832.29144383
1830.61111611
1828.93233568
1827.25510111
1825.57941098
1823.90526387
1822.23265835
1820.56159301
1818.89206643
1817.22407719
1815.55762388
1813.89270508
1812.22931938
1810.56746536
1808.90714162
1807.24834675
1805.59107934
1803.93533799
1802.28112128
1800.62842781
1798.97725619
1797.32760501
1795.67947288
1794.03285838
1792.38776013
1790.74417673
1789.10210678
1787.46154889
1785.82250167
1784.18496373
1782.54893368
1780.91441012
1779.28139168
1777.64987697
1776.01981652
1774.39122704
1772.76413721
1771.13854565
1769.51445098
1767.89185181
1766.27074677
1764.65113449
1763.03301359
1761.41638031
1759.80123351
1758.18757398
1756.57540035
1754.96471125
1753.35550532
1751.74778118
1750.14153748
1748.53677285
1746.93348593
1745.33167537
1743.73133979
1742.13247784
1740.53508817
1738.93916942
1737.34472023
1735.75173925
1734.16022514
1732.57017653
1730.98159209
1729.39447045
1727.80881029
1726.22461024
1724.64186896
1723.06058512
1721.48075737
1719.90238436
1718.32546477
1716.74999725
1715.17598046
1713.60341307
1712.03229374
1710.46262115
1708.89439395
1707.32761082
1705.76227043
1704.19837145
1702.63591256
1701.07489241
1699.5153097
1697.9571631
1696.40045129
1694.84517294
1693.29132673
1691.73891136
1690.18792551
1688.63836785
1687.09023707
1685.54353185
1683.99825089
1682.45439286
1680.91195646
1679.37094039
1677.83134332
1676.29316397
1674.75640101
1673.22105315
1671.68711909
1670.15459752
1668.62348714
1667.09378666
1665.56549138
1664.0386019
1662.51311843
1660.98903968
1659.46636434
1657.94509112
1656.42521874
1654.90674591
1653.38967133
1651.87399372
1650.35971179
1648.84682426
1647.33532984
1645.82522725
1644.31651521
1642.80919244
1641.30325766
1639.79870959
1638.29554696
1636.79376848
1635.29337289
1633.79435891
1632.29672527
1630.8004707
1629.30559393
1627.81209368
1626.3199687
1624.82921771
1623.33983946
1621.85183267
1620.36519609
1618.87992845
1617.39602849
1615.91349495
1614.43232658
1612.95252211
1611.47405792
1609.99683996
1608.52098227
1607.0464836
1605.57334268
1604.10155829
1602.63112915
1601.16205404
1599.69433169
1598.22796087
1596.76294033
1595.29926883
1593.83694512
1592.37596797
1590.91633613
1589.45804836
1588.00110344
1586.54549773
1585.09122934
1583.6383001
1582.18670876
1580.73645409
1579.28753486
1577.83994984
1576.39369781
1574.94877753
1573.50518778
1572.06292734
1570.62199498
1569.18238947
1567.7441096
1566.30715415
1564.87152189
1563.43721161
1562.00422209
1560.57255212
1559.14220047
1557.71316594
1556.28544731
1554.85904338
1553.43395292
1552.01017474
1550.58770761
1549.16655035
1547.74670173
1546.32816056
1544.91092563
1543.49499574
1542.08036968
1540.66704626
1539.25502428
1537.84430254
1536.43487983
1535.02675498
1533.61992678
1532.21439403
1530.81015555
1529.40721014
1528.00555661
1526.60519377
1525.20612043
1523.80833541
1522.41183752
1521.01662558
1519.62269839
1518.23005479
1516.83869357
1515.44861358
1514.05981362
1512.67229251
1511.2860476
1509.90107451
1508.51737676
1507.13495316
1505.75380255
1504.37392376
1502.9953156
1501.61797692
1500.24190654
1498.8671033
1497.49356603
1496.12129356
1494.75028473
1493.38053837
1492.01205333
1490.64482844
1489.27886254
1487.91415447
1486.55070308
1485.1885072
1483.82756568
1482.46787737
1481.10944112
1479.75225576
1478.39632014
1477.04163313
1475.68819356
1474.33600029
1472.98505217
1471.63534806
1470.2868868
1468.93966726
1467.59368829
1466.24894875
1464.9054475
1463.5631834
1462.2221553
1460.88224126
1459.54351134
1458.20601417
1456.86974862
1455.53471356
1454.20090784
1452.86833034
1451.53697993
1450.20685547
1448.87795196
1447.55026976
1446.22381013
1444.89857195
1443.57455411
1442.25175547
1440.93017491
1439.60981131
1438.29066356
1436.97273052
1435.65601109
1434.34050415
1433.02620857
1431.71312326
1430.40124709
1429.09057895
1427.78111772
1426.47286229
1425.16581156
1423.85996441
1422.55531973
1421.25187642
1419.94963337
1418.64858948
1417.34874364
1416.05009475
1414.7526417
1413.45638341
1412.16131875
1410.86746224
1409.57480512
1408.28333833
1406.99306077
1405.70397135
1404.41606898
1403.12935256
1401.843821
1400.55947322
1399.27630418
1397.99431381
1396.71350394
1395.4338735
1394.15542139
1392.87814653
1391.60204784
1390.32712423
1389.05337463
1387.78079795
1386.5093931
1385.23915902
1383.97009463
1382.70219884
1381.43547058
1380.16990878
1378.90551236
1377.64228025
1376.38021138
1375.11930467
1373.85955906
1372.60097348
1371.34354686
1370.08727812
1368.83216622
1367.57821007
1366.32540862
1365.0737608
1363.82326556
1362.57392182
1361.32572854
1360.07868464
1358.83278908
1357.58804079
1356.34443872
1355.10198181
1353.86066901
1352.62049927
1351.38146716
1350.14357285
1348.90681845
1347.67120291
1346.43672518
1345.2033842
1343.97117893
1342.74010833
1341.51017135
1340.28136695
1339.05369409
1337.82715173
1336.60173882
1335.37745433
1334.15429721
1332.93226643
1331.71136096
1330.49157975
1329.27292176
1328.05538598
1326.83897135
1325.62364152
1324.40932731
1323.19613129
1321.98405244
1320.77308973
1319.56324212
1318.3545086
1317.14688813
1315.94037968
1314.73498092
1313.53068538
1312.32749882
1311.1254202
1309.9244485
1308.72458272
1307.52582183
1306.3281648
1305.13161064
1303.93615832
1302.74180682
1301.54855513
1300.35640225
1299.16534715
1297.97538884
1296.78652629
1295.59875849
1294.41208445
1293.22650316
1292.0420136
1290.85861477
1289.67630568
1288.4950853
1287.31495265
1286.13590672
1284.95794651
1283.78107103
1282.60527926
1281.43057022
1280.2569429
1279.08439632
1277.91292191
1276.7425237
1275.57320324
1274.40495956
1273.23779165
1272.07169855
1270.90667927
1269.7427328
1268.57985814
1267.41805431
1266.25732033
1265.09765521
1263.93905796
1262.78152761
1261.62506316
1260.46966365
1259.31532808
1258.16205548
1257.00984487
1255.85869527
1254.70860571
1253.55957521
1252.41160279
1251.26468747
1250.1188283
1248.97402429
1247.83027447
1246.68757787
1245.54593353
1244.40534047
1243.26579388
1242.12728895
1240.9898324
1239.85342328
1238.71806062
1237.58374347
1236.45047085
1235.3182418
1234.18705537
1233.05691059
1231.92780651
1230.79974216
1229.67271659
1228.54672884
1227.42179563
1226.29791081
1225.17506092
1224.053245
1222.93246212
1221.81271131
1220.69399162
1219.57630211
1218.45964183
1217.34400398
1216.22938748
1215.11579738
1214.00323273
1212.89169258
1211.781176
1210.67168203
1209.56320974
1208.4557582
1207.34932645
1206.24391356
1205.1395186
1204.03614063
1202.9337787
1201.83233885
1200.73188512
1199.63243316
1198.53399363
1197.4365656
1196.34014815
1195.24474033
1194.15034121
1193.05694988
1191.9645654
1190.87318685
1189.7828133
1188.69344382
1187.60507748
1186.51771338
1185.43135058
1184.34598583
1183.26159328
1182.1781993
1181.09580296
1180.01440335
1178.93399955
1177.85459065
1176.77617572
1175.69875386
1174.62232414
1173.54688566
1172.47241075
1171.39890275
1170.32638329
1169.25485147
1168.18430637
1167.11474708
1166.04613126
1164.97847693
1163.91180575
1162.84605651
1161.78126399
1160.71745198
1159.65450442
1158.59252824
1157.53138258
1156.47119445
1155.41181951
1154.35328948
1153.29559744
1152.23863905
1151.18243755
1150.12697912
1149.07224984
1148.01815475
1146.9647123
1145.91198079
1144.85991811
1143.80854958
1142.75795091
1141.70820725
1140.65936521
1139.61148895
1138.56481785
1137.51921415
1136.47504368
1135.43236879
1134.39122476
1133.35170817
1132.31380347
1131.27759657
1130.2431408
1129.21028962
1128.17897785
1127.14911533
1126.12062579
1125.09334061
1124.06714749
1123.04195285
1122.01770238
1120.99428587
1119.97161821
1118.94955622
1117.92820232
1116.90747194
1115.88738448
1114.86797283
1113.84919474
1112.83118174
1111.81379047
1110.79718189
1109.78136802
1108.76627978
1107.75208993
1106.7386616
1105.72616649
1104.7144778
1103.70369311
1102.69383466
1101.68483268
1100.67671981
1099.66951643
1098.66324055
1097.65789132
1096.65343738
1095.64988404
1094.64725484
1093.64554893
1092.64476545
1091.64488795
1090.6458849
1089.64776584
1088.65056591
1087.65428427
1086.65892006
1085.66447245
1084.67094065
1083.67832384
1082.6866211
1081.69583158
1080.70595445
1079.71695513
1078.72886582
1077.7416864
1076.75541605
1075.77005391
1074.78559916
1073.80205096
1072.81940847
1071.83767087
1070.85683731
1069.87690697
1068.89787901
1067.9197526
1066.94252692
1065.96620113
1064.99075337
1064.01619758
1063.04253923
1062.06977749
1061.09791153
1060.12694053
1059.15686366
1058.1876801
1057.21938904
1056.25198963
1055.28548108
1054.31986249
1053.3551331
1052.39129211
1051.42833868
1050.46625733
1049.50505057
1048.54472895
1047.58529166
1046.62673788
1045.6690668
1044.71227761
1043.7563695
1042.80134165
1041.84719325
1040.8939235
1039.94156181
1038.9900936
1038.03950156
1037.0897849
1036.1409328
1035.1929363
1034.24581278
1033.29956142
1032.35418136
1031.40967187
1030.46603216
1029.52326141
1028.58135883
1027.64032363
1026.70015499
1025.76085213
1024.82241424
1023.88484054
1022.94813022
1022.01227771
1021.07725939
1020.1431021
1019.20980505
1018.27736744
1017.34578849
1016.4150674
1015.48520339
1014.55619566
1013.62804343
1012.70074591
1011.7743023
1010.8487118
1009.92397366
1009.00008707
1008.07705127
1007.15483469
1006.23346539
1005.31294455
1004.39327139
1003.47444513
1002.55646499
1001.6393302
1000.72303997
999.807593531
998.892990099
997.979228902
997.066292494
996.154181044
995.242909532
994.332477186
993.422883233
992.514126901
991.606207418
990.699146886
989.792950191
988.887546773
987.982972182
987.079226875
986.176280463
985.274165551
984.372881372
983.472427163
982.572802158
981.674005595
980.776036711
979.878894744
978.982578931
978.087088514
977.19242276
976.298550505
975.405488407
974.513248708
973.621830649
972.731233475
971.841456429
970.952498756
970.064359703
969.177038514
968.290534438
967.404846721
966.519958559
965.635850724
964.752557041
963.870076755
962.988409044
962.107553239
961.227508592
960.348274356
959.469849786
958.592234135
957.715426659
956.839449329
955.964261075
955.089872357
954.216288843
953.343509792
952.471534463
951.600362115
950.72999201
949.860423545
948.991655865
948.123688214
947.256519855
946.390117363
945.524477009
944.659633802
943.795587009
942.932335896
942.069879731
941.208217781
940.347349317
939.487273606
938.627989919
937.769497527
936.91179068
936.054478863
935.192884778
934.332084043
933.472075929
932.612859705
931.754434643
930.896800013
930.039984581
929.183927629
928.328658929
927.474177755
926.620483383
925.767575088
924.915452146
924.064113698
923.213499334
922.36365939
921.514601975
920.666326366
919.818831845
918.972117692
918.126183189
917.28100674
916.43655142
915.592873669
914.749972751
913.907847617
913.066497907
912.225922906
911.386136133
910.547119049
909.708844252
908.871341333
908.034609582
907.198648289
906.363456744
905.529034239
904.695375083
903.862387022
903.030165971
902.198711225
901.368022077
900.538097823
899.708937758
898.880541179
898.052852831
897.225869512
896.399658108
895.574207457
894.749516818
893.925585549
893.102412951
892.280025755
891.45832528
890.637360792
889.817152244
888.997698938
888.17900018
887.361055275
886.543863529
885.727391156
884.911563693
884.096487439
883.282161703
882.468585793
881.65575902
880.843606471
880.032148442
879.22150723
878.411612451
877.602463419
876.794059447
875.986265311
875.179193497
874.372864831
873.567279254
872.762435831
871.958309485
871.154769236
870.351968884
869.549907746
868.748585142
867.947998174
867.148154575
866.348940687
865.550462711
864.75271997
863.955711788
863.159437487
862.363723078
861.568680565
860.774369705
859.980790245
859.18794151
858.39581613
857.604155147
856.813223123
856.02301939
855.233630261
854.444992698
853.656975404
852.869474706
852.08269914
851.296648037
850.51132073
849.726716055
848.942643905
848.15918129
847.376440089
846.594460947
845.81305484
845.032318753
844.252303051
843.47299915
842.694111816
841.915941688
841.138488106
840.361666074
839.585300504
838.809649824
838.034713373
837.260470255
836.4867248
835.713688119
834.941363265
834.169483283
833.398142774
832.627512536
831.857588713
831.087969684
830.318967978
829.550674398
828.783156632
828.015856664
827.249262706
826.483374423
825.718052423
824.952908768
824.18846959
823.424734345
822.661540919
821.898595028
821.136357886
820.374822679
819.613530453
818.852639316
818.092442024
817.332431527
816.573075206
815.814410521
815.055681389
814.29757813
813.540126691
812.782405396
812.025377944
811.26896477
810.512432645
809.75660049
809.001039722
808.245372583
807.490406804
806.735588921
805.980779854
805.226666786
804.472167033
803.717802404
802.964196653
802.209890927
801.4558775
800.702557617
799.94832988
799.194707825
798.440170717
797.686094847
796.93124374
796.176668783
795.421229177
794.665697631
793.90963097
793.152568436
792.395048915
791.637672217
790.878600047
790.118608061
789.358059081
788.595329513
787.831984447
787.066949132
786.299692575
785.531665019
784.760268735
783.987194759
783.211701225
782.433237987
781.650718208
780.864834508
780.07545433
779.282174214
778.482126423
777.676760099
776.865649738
776.048207347
775.222077096
774.386963711
773.541602805
772.684584235
771.813886326
770.927854298
770.024029758
769.099608881
768.151048509
767.175052077
766.162910077
765.111610103
764.012455395
762.847219616
761.606356789
760.264272658
758.792529275
757.149722124
755.283593872
753.121278689
750.573404186
747.512791968
743.806381126
739.290304135
733.733517889
726.981855254
718.849546785
709.146415581
697.848839213
684.913618248
670.622630072
655.106546118
638.97914451
622.564660292
606.666207823
591.566242999
578.104402363
566.519482358
557.484797367
551.096163234
547.662876965
547.118012813
549.722736146
555.224451351
563.315735924
573.834281587
586.162066328
600.049440766
614.684169661
629.689209987
644.367019019
658.317847264
671.029050474
682.236270786
691.820147733
699.814613174
706.295088709
711.39554878
715.331703556
718.302804016
720.46895057
722.031639257
723.113710898
723.838167923
724.287392271
724.527641998
724.605984231
724.560026802
724.424025811
724.211812202
723.942152781
723.620708833
723.2604496
722.866806855
722.445372629
722.000846807
721.53470802
721.051806603
720.552106018
720.039691222
719.514507202
718.978644913
718.433459985
717.880908423
717.319940292
716.753146878
716.179271062
715.601796427
715.018866419
714.43088205
713.839701703
713.243933248
712.645852455
712.044856392
711.442245981
710.835261811
710.227898903
709.617703375
709.005922079
708.392255415
707.777468634
707.161971838
706.544476402
705.92643874
705.306801868
704.687144591
704.066075325
703.444425412
702.822476873
702.199891719
701.576779897
700.952775388
700.328973942
699.704770989
699.080669803
698.456191558
697.831242177
697.206264355
696.581292159
695.956436354
695.33142168
694.706080928
694.081320171
693.456183846
692.831377094
692.207135128
691.582131654
690.957542058
690.333443025
689.709106508
689.0853509
688.461979389
687.838586012
687.215545202
686.59259104
685.969795321
685.347573328
684.725596213
684.103909516
683.482795491
682.86188395
682.241077998
681.620815561
681.000709138
680.381109404
679.762080357
679.143193783
678.524879446
677.906878789
677.289082605
676.671774237
676.054762474
675.438325226
674.822455699
674.206973873
673.591830549
672.97725374
672.363242328
671.749466371
671.135979533
670.523058591
669.910634754
669.29855679
668.687040133
668.076034411
667.46537776
666.855243015
666.245670154
665.636532086
665.027634117
664.419297992
663.811510088
663.204090017
662.597230676
661.990930172
661.385015217
660.779638914
660.174820077
659.57038184
658.966447047
658.363068389
657.760116402
657.157437372
656.55526768
655.953652489
655.352577291
654.751900671
654.151779119
653.552210178
652.953193341
652.354727997
651.756812959
651.159448502
650.562634118
649.966376674
649.370753294
648.775679041
648.181004263
647.586855666
646.993254181
646.40018676
645.807560197
645.21547934
644.623896027
644.032767362
643.442183698
642.852076053
642.262427778
641.673322463
641.08475961
640.496740671
639.90913762
639.322070424
638.73554381
638.149557479
637.563979469
636.978830006
636.394219357
635.810147025
635.226612146
634.643613922
634.061113422
633.479100089
632.89762268
632.316680704
631.736273665
631.156399906
630.577003803
629.998121925
629.419772952
628.841955943
628.264670995
627.687914255
627.111625448
626.535867293
625.960639301
625.385940986
624.811738975
624.237971136
623.664693371
623.091943485
622.51972099
621.948025402
621.376856236
620.806177517
620.236007038
619.666361622
619.09724074
618.528643907
617.960570641
617.392976849
616.825902633
616.259350583
615.693320217
615.127811077
614.562813689
613.998304586
613.434315285
612.870845308
612.307854759
611.745335978
611.183315531
610.621796381
610.06079428
609.500308752
608.94033932
608.380885823
607.821919914
607.26346265
606.705519614
606.14805811
605.59109041
605.034631325
604.47865431
603.923189239
603.368235641
602.813793046
602.259861063
601.706439425
601.153527378
600.601106164
600.049176639
599.497755331
598.946841773
598.396435497
597.846536035
597.297142922
596.748255691
596.199846018
595.65193565
595.104460604
594.557489673
594.011022377
593.465056981
592.91959431
592.374625754
591.830140948
591.286157502
590.742674957
590.19969285
589.657210722
589.115228111
588.573744557
588.032743192
587.492233181
586.952220871
586.412705804
585.873687523
585.33516557
584.797139487
584.2596067
583.722550346
583.185988514
582.649920747
582.114346592
581.579265637
581.044677532
580.510581677
579.976968272
579.44383686
578.911196356
578.379046307
577.847386261
577.316215768
576.785534376
576.255341635
575.72562317
575.196390845
574.667589377
574.139274689
573.611446472
573.084104278
572.55724766
572.030871814
571.504970043
570.979552521
570.454618804
569.930168444
569.406200997
568.882716019
568.359713065
567.837182931
567.31512996
566.793557696
566.272465694
565.751853513
565.231720711
564.712066846
564.192890453
563.674180981
563.155949136
562.638194478
562.120916568
561.604115103
561.087790125
560.571940578
560.056560846
559.541650074
559.027213431
558.51325048
557.999760786
557.486743912
556.974199423
556.462126885
555.950515469
555.439373676
554.928702541
554.418501631
553.908770514
553.399508756
552.890715925
552.38239159
551.874535319
551.367131742
550.860170403
550.35367013
549.847625739
549.342028233
548.836896279
548.332229449
547.828027316
547.324289451
546.821015426
546.318204815
545.815857191
545.313972127
544.81254847
544.311575949
543.811064722
543.311014364
542.811424451
542.31229456
541.813624266
541.315413147
540.817660779
540.320366741
539.823530609
539.327151963
538.831224057
538.335749808
537.840731791
537.346169586
536.852062772
536.35841093
535.865213642
535.372470489
534.880181052
534.388344915
533.896961659
533.406028737
532.915541573
532.425506048
531.935921746
531.446788252
530.958105151
530.469872029
529.98208847
529.494754061
529.007868388
528.521431039
528.0354416
527.549893435
527.064790537
526.580134131
526.095923996
525.612159721
525.128835732
524.645932305
524.163473534
523.68145901
523.199888323
522.718761066
522.238073243
521.75782349
521.278015951
520.798650216
520.319725881
519.841242537
519.36319978
518.885597203
518.408434401
517.93171097
517.455426504
516.979580207
516.504165406
516.029188366
515.554648683
515.080545955
514.60687978
514.133649755
513.660855479
513.188493319
512.716561751
512.245064736
511.774001875
511.303372766
510.833177012
510.363414213
509.89408397
509.425177742
508.956701823
508.488657275
508.021043701
507.553860705
507.087107889
506.620780536
506.15487436
505.689397189
505.224348627
504.759728282
504.295534119
503.831750701
503.368394334
502.905464624
502.442961178
501.980865348
501.519191045
501.057941849
500.59709376
500.13666797
499.676646665
499.217033424
498.757817093
498.298975229
497.840511598
497.382409893
496.924655973
496.467210192
496.010001188
495.552968852
495.096000832
494.638931881
494.181619358
493.723786818
493.265217363
492.805658215
492.345001468
491.883082638
491.420087859
490.95632858
490.492457698
490.029172265
489.567336387
489.108092184
488.65223111
488.200323697
487.752708181
487.309142426
486.869160286
486.432038362
485.996578545
485.561936353
485.127483981
484.692352687
484.256023391
483.818569846
483.379886955
482.940192212
482.499617677
482.058510872
481.61706778
481.175472348
480.733902763
480.292481412
479.851274657
479.410349358
478.969745006
478.529494036
478.089596369
477.650084782
477.21094257
476.772190029
476.333827593
475.895861659
475.458281461
475.021103049
474.584309059
474.147917267
473.711927303
473.276328604
472.841125766
472.406323661
471.971921921
471.537909048
471.104293945
470.671078112
470.238261184
469.805842793
469.373821417
468.942191299
468.510958626
468.08012303
467.64968177
467.219632898
466.789980013
466.360722752
465.93186075
465.503393642
465.075321066
464.647642658
464.220353784
463.79345688
463.366953062
462.940841967
462.515123234
462.089796502
461.664861409
461.240316827
460.816159266
460.392392268
459.969015473
459.546028522
459.123431057
458.701222718
458.279403148
457.857969314
457.436921159
457.016260703
456.59598759
456.176101464
455.756601968
455.337488745
454.918761441
454.500413181
454.082449843
453.664871365
453.247677391
452.830865565
452.414429862
451.998368434
451.582664234
451.167339257
450.752384923
450.337812677
449.923604147
449.509772062
449.096292889
448.683165421
448.270367251
447.857878873
447.445669796
447.033700392
446.621904304
446.21023625
445.798656673
445.387115023
444.975622837
444.564196653
444.152929404
443.741993172
443.3315432
442.921811504
442.513005885
442.105296285
441.698723572
441.293315744
440.888996842
440.485551859
440.082809624
439.680544273
439.278560318
438.876749055
438.474970047
438.073229821
437.671526693
437.269894208
436.868395682
436.467082393
436.065998583
435.665185177
435.264674242
434.864491982
434.464647533
434.065145933
433.666004793
433.267217633
432.868797676
432.470735735
432.073034125
431.675698718
431.278729175
430.882120278
430.485872369
430.089989324
429.694470807
429.299316482
428.904526013
428.510099067
428.116030718
427.722324337
427.328980481
426.935998814
426.543379003
426.151120715
425.759223618
425.367686862
424.97650857
424.585690474
424.195232242
423.805133543
423.415394045
423.026013419
422.636991333
422.248326085
421.860017895
421.472067258
421.084473846
420.697237328
420.310357376
419.923833657
419.537665849
419.151853623
418.766396652
418.381294608
417.996547165
417.612153997
417.228114777
416.844429178
416.461096119
416.078114963
415.695486454
415.313210268
414.931286082
414.54971357
414.168492409
413.787622275
413.407102846
413.026933797
412.647114808
412.267645554
411.888525715
411.509754968
411.131332993
410.753259116
410.375532045
409.998152784
409.621121012
409.24443641
408.868098658
408.492107437
408.116462428
407.741163312
407.36620977
406.991599107
406.617322373
406.243390272
405.869802487
405.4965587
405.123658595
404.751101856
404.378888165
404.007017208
403.635488669
403.264302232
402.893457582
402.522954405
402.152791951
401.782969599
401.413487778
401.044346175
400.675544477
400.30708237
399.938959477
399.571175546
399.203730269
398.836622894
398.469852964
398.103420755
397.737325956
397.371568255
397.006147344
396.641062911
396.276314647
395.911902241
395.547825386
395.184083772
394.82067709
394.457605032
394.09486729
393.732463555
393.370393521
393.008656881
392.647253326
392.28618255
391.925444248
391.565038112
391.204963838
390.845221119
390.485808733
390.126726674
389.767975257
389.409554177
389.051463131
388.693701813
388.336269922
387.979167152
387.622393202
387.265947768
386.909830549
386.554041241
386.198579543
385.843445153
385.48863777
385.134157093
384.780002821
384.426174653
384.072672289
383.719495438
383.366643813
383.014117092
382.661914977
382.310035894
381.958480524
381.607248865
381.25634062
380.905755489
380.555493177
380.205553385
379.855935817
379.506640176
379.157666165
378.809013489
378.460681852
378.112670957
377.76498051
377.417610215
377.070559778
376.723828904
376.377417299
376.031324669
375.685550721
375.34009516
374.994957693
374.650138029
374.305634468
373.961448087
373.617578632
373.274025812
372.930789333
372.587868907
372.24526424
371.902975043
371.561001025
371.219341896
370.877997366
370.536967145
370.196250945
369.855848476
369.515759448
369.175983573
368.836504546
368.49733206
368.158471883
367.819923728
367.481687307
367.143762333
366.806148226
366.468843696
366.131849756
365.795166118
365.458792498
365.12272861
364.786974169
364.451528889
364.116392487
363.781564677
363.447048752
363.112847825
362.77895463
362.445368882
362.112090299
361.779118599
361.446453498
361.114094714
360.782041965
360.45029497
360.118853355
359.787716915
359.456885385
359.126357907
358.796133699
358.466213561
358.136597213
357.807284375
357.478274767
357.14956811
356.821164126
356.493062536
356.16526306
355.837765422
355.510569343
355.183674545
354.857080751
354.530787684
354.204795066
353.879102622
353.553710075
353.228617149
352.903823567
352.579329055
352.255133336
351.931236136
351.607636272
351.284333677
350.961328778
350.638621302
350.316211022
349.994097681
349.672280942
349.35076053
349.029536174
348.7086076
348.387974537
348.067636712
347.747593853
347.427845689
347.108391949
346.789231798
346.470364507
346.151790828
345.833510491
345.515523225
345.197828762
344.880426831
344.563317163
344.246499489
343.92997354
343.613739048
343.297795743
342.982143394
342.666781717
342.351710424
342.036929007
341.722436045
341.408232668
341.094318609
340.780693601
340.467357378
340.154309675
339.841550226
339.529078764
339.216895026
338.905002986
338.5934079
338.282099731
337.971078214
337.660343085
337.34989408
337.039729411
336.729850239
336.420256404
336.110947642
335.801923566
335.493184011
335.184728743
334.8765575
334.568668359
334.261058176
333.95373124
333.64668729
333.339926066
333.033447307
332.727250753
332.421334714
332.115699831
331.810346376
331.50527409
331.200482714
330.895971989
330.591741657
330.28779146
329.98412114
329.680730439
329.377619099
329.07478686
328.772233361
328.469958452
328.167961877
327.866242158
327.564799151
327.263633712
326.962745586
326.662134518
326.361800251
326.061742532
325.761961105
325.462455717
325.163226112
324.864272038
324.565593241
324.26718955
323.969060647
323.671206261
323.373625213
323.076316197
322.779281683
322.482535981
322.186063523
321.889864056
321.593937329
321.298283092
321.002901092
320.707791079
320.412952804
320.118386015
319.824090375
319.530065666
319.236311695
318.942827921
318.649611988
318.356666047
318.063989851
317.771583151
317.479445698
317.187577245
316.895977544
316.604646348
316.313583409
316.022788481
315.732261316
315.44199957
315.152004404
314.862276265
314.572814907
314.283620085
313.994691554
313.706029067
313.41763238
313.129501249
312.841635429
312.554034675
312.266697836
311.979623142
311.692813674
311.406285008
311.12002015
310.834018766
310.548280732
310.262805806
309.977593745
309.692644306
309.407957249
309.123532332
308.839366128
308.555461107
308.271817506
307.988435084
307.7053136
307.422452814
307.139852486
306.857512376
306.575432288
306.293611939
306.012051091
305.73074737
305.449700429
305.168912276
304.888382672
304.60811138
304.328098161
304.048342779
303.768844994
303.489604482
303.210621024
302.931908327
302.653459916
302.37526308
302.097322408
301.819637664
301.542208612
301.265029047
300.98808531
300.711396583
300.434962605
300.158783029
299.882857759
299.607186561
299.331765404
299.056595763
298.781679499
298.507016377
298.232606164
297.958448628
297.684543537
297.410890657
297.137489764
296.864340622
296.591442995
296.318795212
296.046394091
295.774243797
295.502344099
295.230694766
294.959295567
294.688151972
294.417277698
294.146649063
293.876268107
293.606136118
293.336252866
293.066618123
292.797231659
292.528093246
292.259202399
291.990553182
291.722151336
291.453996635
291.186088851
290.91842792
290.651013462
290.38384524
290.11692007
289.850236909
289.58379931
289.317607046
289.051659891
288.785957621
288.520509336
288.255320369
287.990368277
287.725659051
287.46119357
287.196971609
286.932992943
286.669257348
286.405764602
286.14251211
285.879494737
285.616719582
285.354186391
285.09189494
284.829845007
284.568040704
284.306498017
284.045189414
283.784116912
283.523284806
283.262692875
283.002340896
282.74222865
282.482355915
282.222722167
281.963316223
281.70414952
281.445221458
281.186531816
280.928080376
280.669863223
280.411905885
280.154187123
279.896705797
279.63946156
279.382454194
279.125675877
278.869129118
278.612818588
278.356744068
278.100905232
277.845301878
277.589920992
277.334774167
277.079862282
276.82518512
276.570767643
276.316588801
276.062630811
275.808906712
275.555416243
275.302159188
275.049135332
274.796335292
274.543758108
274.291413497
274.039301246
273.787433683
273.535820164
273.284420576
273.033250318
272.782311887
272.531604521
272.281128006
272.030879738
271.780838514
271.531027354
271.28144622
271.0320949
270.783014569
270.534154785
270.285509053
270.037092275
269.788904238
269.540930728
269.293176839
269.045651026
268.798353047
268.551262314
268.304393878
268.057779908
267.811415372
267.565249483
267.319309688
267.073596354
266.828102993
266.582809132
266.337741129
266.092898769
265.848264996
265.603842099
265.359680488
265.115743836
264.872030964
264.628492388
264.385178061
264.142087779
263.899249246
263.656615094
263.414187093
263.171982319
262.929960826
262.688148279
262.446578331
262.205255501
261.964106923
261.723169227
261.482442412
261.241893393
261.00157768
260.761481438
260.521577786
260.281894835
260.042371453
259.803037922
259.563896602
259.324928398
259.086093723
258.847349227
258.60859775
258.369720368
258.130651384
257.891207304
257.651361312
257.411057458
257.170693009
256.930485131
256.690986235
256.452777947
256.216000813
255.980875036
255.747084213
255.514330455
255.281850647
255.049457602
254.816743997
254.583510944
254.349834094
254.115807991
253.881560424
253.647235754
253.412865735
253.178478649
252.944168182
252.709976563
252.475782513
252.241653027
252.007672395
251.773624754
251.539651002
251.305711724
251.071709043
250.837696519
250.603675779
250.369603939
250.135346797
249.901015901
249.666573265
249.431839285
249.19684668
248.961634884
248.726092543
248.490022763
248.253416116
248.016301089
247.778511809
247.540034123
247.300322415
247.059627882
246.817598594
246.57411579
246.328815135
246.081441328
245.831691675
245.579035024
245.322544928
245.062060806
244.796603248
244.525192877
244.246012454
243.957015486
243.65611803
243.339976766
243.00397579
242.641670729
242.240317906
241.782591876
241.237182367
240.544966715
239.605485057
238.237115247
236.147390633
232.950120071
228.149534171
221.368362483
212.480191053
201.906678461
190.611270227
179.926167853
170.944318972
164.768302199
161.905174732
162.601291168
166.751586839
173.977555647
183.370477166
193.985941991
204.430566683
213.609869763
220.871042401
226.087884552
229.510929233
231.635676542
232.896218983
233.622551587
234.025272931
234.24148043
234.340655134
234.367751905
234.345243786
234.286232484
234.202400888
234.096821941
233.975889973
233.842480503
233.698065672
233.54525725
233.38510137
233.219220643
233.04806188
232.872753908
232.693937819
232.511591304
232.326725555
232.139736864
231.950231975
231.759167656
231.566596954
231.372199758
231.177056705
230.980309604
230.783104497
230.584736785
230.385759676
230.186110368
229.985843169
229.784898185
229.583670833
229.382124645
229.180058287
228.977731882
228.775270823
228.572257734
228.369261243
228.166029011
227.96256829
227.759186921
227.555400076
227.351657549
227.147950804
226.944166339
226.740208327
226.536319828
226.332545004
226.12855008
225.924609495
225.720788767
225.517023479
225.313147104
225.109375102
224.905714056
224.702184735
224.498518627
224.295041931
224.091707659
223.888389098
223.685082811
223.481923542
223.278891362
223.076018066
222.873338541
222.670593659
222.467952885
222.265497432
222.063152323
221.860989882
221.659004181
221.45696231
221.255106079
221.053417184
220.85187481
220.650515318
220.449260418
220.248054324
220.047030069
219.846163788
219.645464918
219.444947922
219.244585744
219.044397319
218.844293449
218.644291231
218.444468239
218.244830074
218.045340674
217.846035176
217.646910607
217.447930814
217.249033707
217.05030989
216.851749641
216.653371321
216.455174155
216.257146732
216.059286719
215.861554153
215.663952363
215.466514706
215.269250423
215.072167791
214.875264575
214.678522947
214.481962489
214.285581522
214.089374085
213.893334797
213.697391993
213.501629222
213.306033613
213.110613254
212.91537147
212.720307711
212.525409452
212.33069064
212.136132643
211.941697913
211.747429968
211.553336573
211.359422203
211.165686396
210.972121378
210.778729061
210.58551461
210.392478077
210.199607978
210.00691371
209.814396931
209.622057428
209.42983664
209.237766951
209.045874125
208.854153718
208.66259664
208.471209337
208.279975539
208.088885443
207.89793298
207.707113122
207.516429056
207.325911915
207.135570204
206.945460749
206.75561497
206.566006801
206.376630742
206.187475462
205.99850688
205.809696588
205.621020096
205.432475231
205.244061826
205.055800239
204.867688412
204.679736057
204.491956529
204.304341234
204.116895416
203.929622201
203.742515052
203.555545907
203.368741708
203.18210952
202.995649186
202.809360547
202.623243502
202.437297875
202.251519989
202.065900233
201.880448744
201.695167934
201.510057658
201.325115004
201.140340098
200.95573478
200.771266744
200.586968364
200.402839495
200.218880174
200.035087484
199.851462171
199.668005942
199.484718677
199.301600219
199.118650378
198.935864639
198.753246627
198.570796772
198.38851509
198.206401299
198.024455201
197.842676641
197.661064047
197.479615422
197.298333712
197.117210368
196.936234438
196.755425153
196.574782359
196.394305902
196.213993315
196.033845436
195.853863236
195.674046766
195.494395872
195.314910403
195.135590206
194.956434781
194.777441117
194.598612267
194.419948083
194.241448415
194.063113112
193.884942021
193.706934992
193.529090199
193.351407463
193.173888867
192.996523037
192.819308403
192.64225695
192.465368527
192.288642985
192.11207713
191.935673664
191.759432719
191.583354059
191.407437533
191.231682992
191.056090287
190.88065927
190.705389792
190.530281681
190.355332172
190.180543465
190.005915704
189.831448743
189.657142431
189.482996623
189.30901117
189.135185803
188.961518102
188.788010298
188.614662174
188.44147367
188.26844464
188.095574936
187.922864412
187.75031267
187.577915768
187.405677611
187.233594086
187.061657292
186.889870505
186.718236241
186.546742721
186.375378991
186.204133092
186.032989154
185.861948721
185.691023635
185.52025277
185.349693415
185.179390942
185.009374446
184.83963952
184.670137294
184.500807339
184.331615887
184.162524879
183.99353617
183.824650444
183.655887843
183.487258839
183.318773194
183.150435818
182.982252948
182.814219953
182.646341685
182.478617991
182.311048677
182.143633662
181.976370721
181.809261453
181.64230606
181.475504401
181.308856334
181.142361718
180.976020414
180.809832097
180.643795704
180.477912199
180.312181441
180.146602496
179.981175402
179.815900636
179.650778056
179.485807522
179.320988894
179.156322032
178.991806792
178.827443032
178.663230619
178.499169414
178.335257595
178.171496361
178.007885921
177.844426134
177.681116863
177.517957968
177.354949311
177.192090753
177.029382095
176.866823258
176.704414107
176.542153647
176.380041339
176.218078305
176.056264408
175.894599511
175.733083476
175.571716166
175.410497445
175.249427237
175.088505394
174.927731729
174.767106105
174.606626383
174.446294418
174.286110088
174.126073256
173.966183876
173.806441725
173.646846666
173.487397772
173.328094582
173.168938079
173.009928129
172.851064597
172.692347348
172.533776247
172.375351159
172.217071951
172.058938487
171.900950634
171.743110804
171.585423795
171.427881958
171.270485187
171.113233348
170.956126307
170.799163933
170.642346091
170.485671953
170.32914097
170.172754122
170.016511277
169.860412291
169.704457025
169.548645364
169.392977176
169.237450897
169.082067424
168.926827029
168.771729581
168.616774949
168.461963
168.307293603
168.152766437
167.998379819
167.844135303
167.690032816
167.536072229
167.38225341
167.228576229
167.075040556
166.921658421
166.768419938
166.615322559
166.462366153
166.309550584
166.156877927
166.004346145
165.851954815
165.699701247
165.547587797
165.395614416
165.243780973
165.09208734
164.940533389
164.78911899
164.637843194
164.486704624
164.335705224
164.184844866
164.034123421
163.883540763
163.733096762
163.582791809
163.432640057
163.282625567
163.132749213
162.983010867
162.833410428
162.683947752
162.534622704
162.38543455
162.236380567
162.087463835
161.938684227
161.790041617
161.641535879
161.493166888
161.344934516
161.196851765
161.048907009
160.901098483
160.753426061
160.605889618
160.458489029
160.311221122
160.164088267
160.017090901
159.870228895
159.723502122
159.576909761
159.430448942
159.284122985
159.137931768
158.991887546
158.845985647
158.700216027
158.554578005
158.409074089
158.263704156
158.118468081
157.973365741
157.828393063
157.683552459
157.538845226
157.394275242
157.249855585
157.10556861
156.961408489
156.817381113
156.673486514
156.529724434
156.386094732
156.242594976
156.099222635
155.955982314
155.812873891
155.669917038
155.527097344
155.384403937
155.241839017
155.099405373
154.957102884
154.814931431
154.672890891
154.530971518
154.389182559
154.24752416
154.106005659
153.964633226
153.823389467
153.682267806
153.541276091
153.400414205
153.259678479
153.119067722
152.978604013
152.838274972
152.698069111
152.557988854
152.418037585
152.278215186
152.138512375
151.998941047
151.859519434
151.720226036
151.581049133
151.442000385
151.303079823
151.16428408
151.025605482
150.8870711
150.748676934
150.61040285
150.472247316
150.334218999
150.196317782
150.058532198
149.920866196
149.783354403
149.645961926
149.508676955
149.371514255
149.234477849
149.09757357
148.960794491
148.82414136
148.687609879
148.5511872
148.414890141
148.278727141
148.142685286
148.006768702
147.870964868
147.735271136
147.599702696
147.464262515
147.328938918
147.193739966
147.058638835
146.923655812
146.788818244
146.654067165
146.519437167
146.384928547
146.250506889
146.116222594
145.982051336
145.847959376
145.713990884
145.580137705
145.446381181
145.312726739
145.179168932
145.045705018
144.912339824
144.779061436
144.645888682
144.512770669
144.37977004
144.246847449
144.114011461
143.981214594
143.848505606
143.715864902
143.583261865
143.45072755
143.318232144
143.185760225
143.053336651
142.920900475
142.788491055
142.65607922
142.523619315
142.391185454
142.258618034
142.126031384
141.993368576
141.860514037
141.727553792
141.594452543
141.461076492
141.327455556
141.193530675
141.059243252
140.924489878
140.789245476
140.65338308
140.516823937
140.379447877
140.241026421
140.101486164
139.960563583
139.81790276
139.673196479
139.526183158
139.376322498
139.222780075
139.064930214
138.901753882
138.731591019
138.553078
138.363347301
138.15922282
137.935543059
137.684940634
137.396337855
137.050547682
136.612490849
136.010856167
135.108049356
133.620151199
131.071818168
126.797661069
120.2742254
111.566408859
101.845534313
92.8928031481
86.2427990653
82.8752928387
83.1614353902
87.0127466108
93.9270762634
102.706992985
111.816607721
119.596131478
125.191716444
128.707754942
130.735812316
131.867613618
132.511511871
132.889519153
133.119112702
133.257894728
133.338476914
133.377462561
133.386378747
133.372300087
133.341077536
133.296395521
133.24046995
133.175379528
133.103017366
133.025178295
132.941722424
132.854381928
132.76354943
132.669571412
132.572981031
132.47405295
132.372785953
132.270253207
132.166257788
132.060635251
131.954112994
131.846567321
131.737912088
131.628636012
131.518597108
131.407741598
131.296583565
131.184733562
131.072638936
130.959900371
130.847039506
130.733656604
130.620135185
130.506241033
130.392235257
130.277826737
130.163333973
130.048879519
129.934093343
129.819266986
129.704179478
129.589041005
129.473985677
129.35874034
129.243391949
129.128130373
129.012779031
128.897318814
128.781945308
128.666544858
128.551054872
128.435632446
128.320264967
128.204749043
128.089327908
127.97398599
127.858665853
127.743270714
127.627968188
127.512749774
127.397536303
127.282313882
127.167182295
127.052138709
126.937072265
126.822026313
126.707075364
126.59223142
126.477469658
126.362804107
126.248062497
126.133399532
126.01884227
125.904386212
125.79001914
125.675707027
125.561396676
125.447180116
125.333067867
125.219052732
125.105134103
124.991235373
124.877396895
124.763660187
124.650028639
124.536490655
124.423049986
124.309604211
124.196251091
124.083001561
123.969855548
123.856803997
123.743857048
123.631011913
123.518219825
123.405473393
123.292826813
123.180278146
123.067833439
122.955495964
122.843256355
122.731116206
122.619011856
122.506996311
122.395077629
122.283260085
122.171545569
122.05993443
121.94841778
121.836989434
121.725612978
121.614337565
121.503160038
121.392084892
121.281111652
121.170238248
121.05946403
120.948752229
120.838117311
120.727581092
120.617144589
120.506809826
120.396576667
120.286441353
120.17640629
120.066472554
119.956640665
119.846905144
119.737257433
119.627666602
119.518175699
119.408782925
119.299490673
119.190299029
119.081205506
118.972211148
118.86331716
118.754523447
118.645821641
118.537182319
118.428639676
118.320196984
118.211854153
118.103611089
117.9954677
117.887421539
117.779474114
117.671625893
117.563876825
117.456224508
117.348643831
117.24114568
117.133746517
117.026445877
116.919241229
116.812135271
116.705126671
116.598212064
116.491389839
116.384647448
116.277966668
116.171323837
116.064696839
115.958098921
115.851591157
115.745265582
115.639182298
115.533239598
115.427376319
115.321624221
115.215912687
115.1102127
115.004543583
114.898929063
114.793390933
114.687941258
114.582584934
114.47732294
114.372156965
114.267087828
114.162115439
114.05723881
113.952457755
113.847748396
113.743128052
113.638604042
113.534175964
113.429842784
113.325605674
113.221464545
113.11741931
113.01346988
112.909614404
112.805854459
112.702190056
112.598621107
112.495147525
112.391767761
112.28848289
112.185293051
112.082195956
111.979193083
111.876267632
111.773413817
111.670635969
111.567902992
111.465157603
111.362318265
111.259327997
111.156235117
111.053241363
110.950646977
110.848683176
110.747340175
110.646377697
110.545496566
110.444501611
110.343355817
110.242118797
110.140871246
110.039668964
109.938541716
109.837499031
109.736546188
109.635685496
109.534909165
109.434209038
109.333601636
109.233086874
109.1326643
109.032333112
108.932094308
108.831947804
108.731893516
108.631930975
108.532059893
108.432280773
108.332593529
108.232998076
108.133494331
108.034081969
107.934760242
107.835529971
107.73639107
107.637341116
107.538378719
107.439499047
107.340690222
107.241942472
107.143249845
107.044626277
106.946107646
106.847737785
106.749527056
106.651469604
106.553526045
106.45565669
106.357841553
106.260084229
106.162396229
106.06478731
105.967263216
105.869828348
105.772481694
105.675224676
105.578057051
105.480978233
105.383988804
105.287088683
105.190277788
105.093556036
104.996923344
104.900379633
104.803924781
104.707558257
104.611280466
104.515091328
104.418990761
104.322978683
104.227055013
104.131219669
104.03547257
103.939800701
103.844215806
103.748718926
103.653309979
103.557988884
103.462755561
103.367609928
103.272551905
103.177581291
103.082697688
102.987901453
102.893192506
102.798570768
102.704036156
102.609588592
102.515227489
102.420953208
102.326765736
102.23266499
102.138650844
102.044722148
101.950879941
101.857123163
101.7634513
101.669860295
101.576342116
101.482876495
101.389427594
101.295951157
101.202434858
101.108940003
101.015613326
100.922612292
100.829985878
100.737645772
100.645424148
100.553195732
100.460924299
100.368636329
100.276366645
100.184156748
100.092022032
99.9999684411
99.9079982564
99.8161120874
99.7243104045
99.6325925143
99.5409590776
99.4494100167
99.3579452538
99.2665642673
99.1752672143
99.0840542274
98.992925229
98.901880142
98.8109188889
98.7200413927
98.6292474842
98.5385369434
98.4479099424
98.3573663937
98.2669062173
98.1765293362
98.0862356739
97.9960251536
97.9058976989
97.8158532333
97.7258914921
97.6360124499
97.5462161679
97.4565025701
97.3668715803
97.2773231224
97.1878571205
97.0984734985
97.0091721807
96.9199530912
96.8308161544
96.7417612246
96.6527880019
96.5638967055
96.4750872599
96.3863596439
96.2977137298
96.2091494405
96.120666701
96.0322654361
95.9439455707
95.8557070301
95.7675497391
95.6794717202
95.5914738282
95.5035569643
95.415721054
95.3279660227
95.240291796
95.1526982994
95.0651854628
94.9777532091
94.8904014627
94.8031301495
94.7159391056
94.6288281827
94.5417974714
94.4548468976
94.3679763876
94.2811858677
94.1944752642
94.1078445036
94.021293286
93.9348216996
93.848429736
93.7621173445
93.6758844475
93.5897309535
93.5036567893
93.4176618819
93.3317461584
93.2459095457
93.1601519712
93.074473343
92.9888732787
92.9033520348
92.8179095385
92.7325457174
92.647260499
92.562053811
92.4769255449
92.3918755969
92.3069039627
92.22201057
92.1371953469
92.0524581121
91.967798842
91.8832175258
91.7987140918
91.7142884683
91.6299405837
91.5456703663
91.4614779965
91.3773626069
91.2933246704
91.2093641158
91.1254808719
91.0416696999
90.9579354495
90.8742783014
90.7906980812
90.7071946869
90.6237681823
90.5404185003
90.4571455694
90.3739493158
90.2908296691
90.2077865587
90.1248196085
90.0419290031
89.9591147232
89.8763786584
89.7937246777
89.7111468046
89.6286449232
89.5462187147
89.4638683902
89.3815938936
89.2993951551
89.2172721049
89.1352246734
89.053252791
88.971356388
88.8895350977
88.8077890603
88.7261182945
88.6445227938
88.56300245
88.4815571699
88.4001868844
88.3188911429
88.2376700985
88.1565238422
88.0754522909
87.994455307
87.913532905
87.8326850161
87.7519113398
87.6712119323
87.5905868327
87.5100359724
87.429559283
87.3491565135
87.2688274112
87.188572172
87.1084009109
87.02830503
86.9482825728
86.8683338001
86.7884560281
86.7086464993
86.6288969691
86.5491905269
86.4695110439
86.3898602921
86.3102798235
86.2308359405
86.151577178
86.0724848568
85.9934928409
85.9145459302
85.835621439
85.7567308526
85.6778916166
85.5991158785
85.520410598
85.441776269
85.3632211708
85.28474554
85.2063421695
85.1280109926
85.0497517141
84.9715637837
84.893447841
84.815403821
84.7374316638
84.6595307309
84.5817011343
84.5039432031
84.4262568714
84.3486420731
84.2710978159
84.193624923
84.1162233555
84.038895221
83.9616518402
83.8844795851
83.8073783902
83.7303477666
83.6533873109
83.5764977351
83.4996789592
83.4229302334
83.3462515819
83.269643567
83.1931061565
83.1166521439
83.0402727821
82.963963768
82.887725029
82.8115548871
82.7354547614
82.6594246318
82.5834642225
82.507572136
82.4317499322
82.3559970865
82.2803196969
82.2047266248
82.1292021133
82.053746163
81.9783596928
81.9030413317
81.8277913446
81.7526105678
81.6775136369
81.6024914808
81.5275384455
81.4526517443
81.3778335787
81.3030843435
81.2284004626
81.1537884563
81.0792677509
81.0048123957
80.9304255902
80.8561057961
80.7818517677
80.7076649637
80.6335699033
80.5595420956
80.4855788825
80.4116829209
80.3378609804
80.2641262283
80.1904541226
80.1168493551
80.0433062196
79.9698305546
79.8964532643
79.8231424752
79.7498924345
79.676701848
79.6035761903
79.5305438617
79.457555933
79.3845838257
79.3115626829
79.2382555298
79.1643608856
79.0897511067
79.0149466905
78.9409469127
78.8686852315
78.798100758
78.7281480682
78.6578423566
78.5868483701
78.5152925894
78.4434839313
78.3716382069
78.2997982249
78.2280294968
78.1562916942
78.0846353297
78.0130012998
77.9414325374
77.8698932869
77.7983861037
77.7269085537
77.6554325185
77.5839645048
77.5124635281
77.4409114602
77.3692618083
77.297495263
77.2255255195
77.1532778203
77.080627439
77.0074031374
76.9333693648
76.858182822
76.7812578332
76.7016693684
76.6178538122
76.5268426752
76.4213577837
76.2811933511
76.043387895
75.532945354
74.3846574877
72.1527329338
68.8116345297
65.2654109814
62.9425568516
62.8518563642
64.9683110566
68.2786588781
71.388116971
73.4319112709
74.4407272594
74.8400252051
74.9728184281
75.0038244441
74.9944868953
74.9661504198
74.92676418
74.8804670451
74.8294306879
74.7748637463
74.7178275568
74.6589990846
74.5986293414
74.5371358623
74.4747099866
74.4115021883
74.3476762278
74.283328994
74.2186822934
74.1537445745
74.0885555893
74.0232568359
73.9576086173
73.8918935168
73.8259296367
73.7599696443
73.6938160525
73.6276601171
73.5613888184
73.495105847
73.4287441732
73.362423849
73.2960398911
73.229658754
73.1633049187
73.0969001858
73.0305440874
72.9641643023
72.8977933708
72.8314750871
72.7652088516
72.6989099478
72.6326442265
72.5664339752
72.5002780133
72.4340857434
72.3679491863
72.3018701505
72.23584647
72.1698786774
72.103892096
72.0379613403
71.9720888836
71.9062739373
71.8405149101
71.7747665077
71.7090748492
71.6434418401
71.5778326252
71.5122721859
71.4467677662
71.3813234545
71.3159378057
71.2506100555
71.1853344196
71.1200766807
71.0548793853
70.9897408244
70.9246604277
70.8596398985
70.7946768991
70.7297497688
70.664868879
70.6000466458
70.5352839973
70.4705788776
70.4059331241
70.3413468064
70.2768100321
70.212308876
70.1478671642
70.083483981
70.0191590521
69.9548931679
69.8906858537
69.8265364416
69.7624460827
69.6984072582
69.6344025215
69.5704480135
69.5065260817
69.4426007971
69.378632812
69.3146392215
69.2507374393
69.1870848543
69.123724973
69.060537863
68.9973710883
68.9341541226
68.8708908631
68.8076453232
68.7444427987
68.6812943099
68.6182026256
68.5551679998
68.4921914166
68.4292725045
68.3664108653
68.3036070054
68.2408607834
68.1781718714
68.1155406836
68.052964919
67.9904320099
67.9279560775
67.8655355024
67.8031709237
67.7408635648
67.678613219
67.6164201933
67.5542844564
67.4922053254
67.430183357
67.3682184985
67.3063106974
67.244459954
67.1826656121
67.1209281705
67.0592365424
66.9976004381
66.9360209893
66.8744982428
66.8130321465
66.7516222977
66.6902689744
66.6289721453
66.5677317003
66.5065472756
66.4454191896
66.3843473902
66.3233316512
66.2623717566
66.2014679939
66.1406203114
66.0798284336
66.0190923556
65.9584122033
65.8977879254
65.8372191617
65.776705966
65.7162484908
65.6558467107
65.5955004031
65.5352092551
65.4749736232
65.4147933054
65.3546680408
65.2945979909
65.234583239
65.1746237473
65.1147188609
65.0548691759
64.9950744266
64.9353340532
64.8756487391
64.8160181113
64.7564419935
64.6969207047
64.6374533306
64.5780407726
64.518682629
64.459378257
64.4001284857
64.3409324071
64.2817957326
64.2227239306
64.163706091
64.1047416578
64.0458306037
63.9869729867
63.9281681772
63.8694163417
63.8107174983
63.7520711801
63.6935013855
63.6349836249
63.576517166
63.5181017349
63.4597368266
63.4014325494
63.3432024529
63.2850201024
63.2268847273
63.1687939337
63.110789777
63.0528370822
62.9949207162
62.9370627033
62.8792793134
62.8215109156
62.7638132946
62.7061192657
62.6484621317
62.5907500113
62.5328557998
62.4741676313
62.4118721971
62.3353870477
62.21659801
62.0132703958
61.71666568
61.4162549904
61.2664071668
61.3352290352
61.5261305404
61.6888798602
61.7573277822
61.7520481958
61.7125475524
61.6617422846
61.6077232001
61.5527005268
61.4972564579
61.4415667893
61.385728486
61.3298216041
61.2738803216
61.2178975722
61.1619240668
61.1059363009
61.0499841867
60.9940514121
60.9381277403
60.8822485393
60.8264143285
60.7706259916
60.714848549
60.659111886
60.6034215421
60.5477756133
60.4921693359
60.4366044119
60.3810905713
60.3256222726
60.2702089184
60.214836935
60.1594429206
60.1038854404
60.0479439075
59.9915484809
59.9351604885
59.8796240244
59.8253139359
59.7716796956
59.7178787066
59.663605
59.609002925
59.5542876765
59.4995734566
59.4448971314
59.3902671415
59.3356860711
59.2811543869
59.2266719114
59.1722392597
59.1178563474
59.0635229605
59.0092396038
58.9550059385
58.9008219439
58.8466876906
58.792599515
58.7385585292
58.6845670665
58.6306251935
58.5767329901
58.522890013
58.4690966887
58.4153528973
58.3616584076
58.3080131512
58.2544172914
58.2008706505
58.1473731101
58.0939248303
58.0405257656
57.9871758708
57.9338749881
57.8806228972
57.8274198408
57.7742657738
57.7211603772
57.6681038072
57.6150960631
57.5621369591
57.5092263502
57.4563644613
57.4035511471
57.3507860733
57.2980695334
57.2454013083
57.1927811163
57.1402092862
57.0876852135
57.0352089589
56.9827805098
56.9303994016
56.8780654301
56.82577819
56.7735370256
56.7213406794
56.6691879852
56.6170754581
56.5649955724
56.5129173724
56.4607012611
56.4077984679
56.35277365
56.2936962517
56.2310511614
56.1704361818
56.1187554889
56.0760658658
56.0354375671
55.9912260705
55.9429562773
55.8925447293
55.8414504632
55.7902168119
55.7389849766
55.687784367
55.6366237519
55.5855051962
55.5344310684
55.4834017659
55.4324179094
55.3814799866
55.3305881199
55.2797423846
55.2289430392
55.1781898841
55.1274831787
55.0768227099
55.0262162382
54.9756582046
54.9251462148
54.8746807365
54.8242614102
54.7738882287
54.7235614311
54.6732808038
54.6230461234
54.5728576992
54.5227152025
54.4726185555
54.4225680377
54.372567137
54.3226198017
54.2727181159
54.2228613761
54.1730487544
54.1232744201
54.0735164292
54.0237035666
53.9737146247
53.9235165721
53.8733830859
53.8237681112
53.7747870958
53.7260630068
53.6771941989
53.6281102058
53.5789266524
53.5297391311
53.4805846263
53.4314722201
53.3824036322
53.3333800172
53.2844085687
53.235487038
53.1866102886
53.1377777135
53.0889901039
53.0402469712
52.991548204
52.9429041119
52.8943072945
52.8457549752
52.7972473635
52.7487834378
52.7003638948
52.6519955851
52.6036789293
52.5554066474
52.5071787555
52.45899382
52.4108532539
52.3627598099
52.3147242045
52.2667328312
52.2187841527
52.1708794539
52.1230177693
52.0752016489
52.0274452128
51.9797313191
51.9320611271
51.8844327319
51.8368588918
51.7893337698
51.7418519826
51.6944116996
51.6470243866
51.599687023
51.5523928471
51.5051385694
51.4579403537
51.4107861277
51.363654302
51.3164985273
51.2692596062
51.2219336175
51.1747053985
51.1278312216
51.0813317461
51.0349224258
50.9884087925
50.9418136819
50.8951988221
50.8486180911
50.8020762887
50.7555699193
50.7091199001
50.6627069455
50.6163405869
50.5700144436
50.5237282109
50.4774871182
50.4312753335
50.3851091066
50.3389698023
50.2928605678
50.2467789107
50.2007182023
50.1546717752
