4918.23193959
4913.80048934
4909.37312339
4904.94983799
4900.53062938
4896.11549382
4891.70442755
4887.29742683
4882.89448792
4878.44683903
4873.98963737
4869.53654037
4865.08754426
4860.64264525
4856.20183958
4851.76512348
4847.33249318
4842.90394492
4838.47947495
4834.0590795
4829.64275483
4825.23049719
4820.82230283
4816.41816802
4812.01808901
4807.62206207
4803.23008348
4798.8421495
4794.45825641
4790.07840048
4785.70257802
4781.33078529
4776.96301859
4772.59927421
4768.23954845
4763.88383761
4759.532138
4755.18444591
4750.84075767
4746.50106958
4742.16537796
4737.83367913
4733.50596942
4729.18224516
4724.86250266
4720.54673828
4716.23494833
4711.92712918
4707.62327716
4703.32338861
4699.02745989
4694.73548736
4690.44746737
4686.16339628
4681.88317523
4677.60635065
4673.33346465
4669.06451359
4664.79949386
4660.53840184
4656.28123391
4652.02798646
4647.77865536
4643.53323703
4639.29172836
4635.05412575
4630.82042561
4626.59062434
4622.36471836
4618.14270407
4613.92451914
4609.71021549
4605.49979286
4601.29324767
4597.09057634
4592.89177532
4588.69684104
4584.50576994
4580.31855846
4576.13520305
4571.95570017
4567.78004625
4563.60823777
4559.44027117
4555.27614292
4551.11584949
4546.95938735
4542.80675297
4538.65794283
4534.51295339
4530.37178116
4526.23442261
4522.10087423
4517.97113252
4513.84519396
4509.72305507
4505.60471233
4501.49016225
4497.37940135
4493.27242614
4489.16923312
4485.06981882
4480.97417976
4476.88231246
4472.79421344
4468.70987925
4464.62930642
4460.55249147
4456.47943096
4452.41012142
4448.3445594
4444.28274145
4440.22466413
4436.17032399
4432.11971759
4428.07284149
4424.02969226
4419.99026646
4415.95456068
4411.92257148
4407.89429544
4403.86972914
4399.84886917
4395.83171212
4391.81825457
4387.80849313
4383.80242438
4379.80004494
4375.80135139
4371.80634035
4367.81500843
4363.82735224
4359.8433684
4355.86305352
4351.88640423
4347.91341715
4343.94408892
4339.97841616
4336.0163955
4332.05802359
4328.10329707
4324.15221257
4320.20476676
4316.26095627
4312.32077776
4308.38422788
4304.4513033
4300.52200068
4296.59631668
4292.67424798
4288.75579123
4284.84094313
4280.92970034
4277.02205955
4273.11801743
4269.21757069
4265.320716
4261.42745006
4257.53776957
4253.65167122
4249.76915172
4245.88966649
4242.01352401
4238.14095118
4234.27194472
4230.40650135
4226.54461778
4222.68629075
4218.83151318
4214.9802337
4211.13250098
4207.28831177
4203.44766279
4199.61055079
4195.77697251
4191.9469247
4188.12040411
4184.29740749
4180.47793159
4176.66197318
4172.84952901
4169.04059586
4165.23517048
4161.43324966
4157.63483016
4153.83990875
4150.04848223
4146.26054736
4142.47610095
4138.69513976
4134.91766061
4131.14366027
4127.37313555
4123.60608325
4119.84250017
4116.08238312
4112.32572891
4108.57253434
4104.82279623
4101.07651141
4097.33367669
4093.59428889
4089.85834485
4086.12584138
4082.39677533
4078.67114353
4074.94894282
4071.23017004
4067.51482203
4063.80289563
4060.09438771
4056.38929511
4052.68761469
4048.98934331
4045.29447782
4041.6030151
4037.91495201
4034.23028541
4030.5490122
4026.87112923
4023.19663338
4019.52552155
4015.85779061
4012.19343746
4008.53245897
4004.87485205
4001.22061359
3997.56974049
3993.92222966
3990.27807798
3986.63728239
3982.99983977
3979.36574706
3975.73500116
3972.10759898
3968.48353747
3964.86281353
3961.24542409
3957.63136609
3954.02063646
3950.41323214
3946.80915005
3943.20838715
3939.61094038
3936.01680669
3932.42598302
3928.83846632
3925.25425357
3921.6733417
3918.09572769
3914.52140849
3910.95038108
3907.38264242
3903.81818948
3900.25701925
3896.69912869
3893.1445148
3889.59317454
3886.04510491
3882.50030291
3878.95876551
3875.42048971
3871.88547252
3868.35371092
3864.82520193
3861.29994255
3857.77792979
3854.25897928
3850.74270196
3847.22966297
3843.71985932
3840.21328803
3836.70994613
3833.20983064
3829.7129386
3826.21923378
3822.72872606
3819.24143294
3815.75735146
3812.27647866
3808.79881159
3805.32434729
3801.85308282
3798.38501523
3794.92014158
3791.45845892
3787.99996433
3784.54465486
3781.09252758
3777.64357957
3774.19780789
3770.75520962
3767.31578184
3763.87952164
3760.44642609
3757.01649228
3753.5897173
3750.16609825
3746.74563221
3743.32831629
3739.91414758
3736.50312319
3733.09524022
3729.69049578
3726.28888699
3722.89041094
3719.49506477
3716.10284559
3712.71375052
3709.32777668
3705.9449212
3702.56518121
3699.18855384
3695.81503623
3692.44462551
3689.07731883
3685.71311332
3682.35200613
3678.99399441
3675.6390753
3672.28724597
3668.93850356
3665.59284524
3662.25026816
3658.9107695
3655.5743464
3652.24099605
3648.91071562
3645.58350227
3642.25935319
3638.93826555
3635.62023653
3632.30526333
3628.99334312
3625.6844731
3622.37865045
3619.07587238
3615.77613607
3612.47943874
3609.18577758
3605.89514979
3602.60755259
3599.32298318
3596.04143877
3592.76291659
3589.48741384
3586.21492776
3582.94545556
3579.67899446
3576.41554171
3573.15509451
3569.89765012
3566.64320576
3563.39175867
3560.1433061
3556.89784529
3553.65537347
3550.41588791
3547.17938585
3543.94586454
3540.71532125
3537.48775323
3534.26315773
3531.04153203
3527.82287339
3524.60717908
3521.39444637
3518.18467253
3514.97785484
3511.77399058
3508.57307702
3505.37511146
3502.18009118
3498.98801346
3495.79863441
3492.61213091
3489.42856211
3486.24792533
3483.07021786
3479.89543702
3476.72358009
3473.5546444
3470.38862725
3467.22552595
3464.06533783
3460.90806019
3457.75369037
3454.60222568
3451.45366344
3448.30797141
3445.1651556
3442.02523429
3438.8882048
3435.75406449
3432.62281068
3429.49444072
3426.36895196
3423.24634175
3420.12660742
3417.00974634
3413.89575587
3410.78463335
3407.67637615
3404.57098163
3401.46844715
3398.36877009
3395.27194781
3392.17797768
3389.08685708
3385.99858338
3382.91315397
3379.83056622
3376.75081752
3373.67390526
3370.59982682
3367.5285796
3364.46016098
3361.39456838
3358.33179917
3355.27185077
3352.21472058
3349.160406
3346.10890445
3343.06021332
3340.01433004
3336.97125202
3333.93097668
3330.89350143
3327.8588237
3324.82694092
3321.79785051
3318.7715499
3315.74803652
3312.72730781
3309.7093612
3306.69419413
3303.68180404
3300.67218838
3297.6653446
3294.66127013
3291.65996244
3288.66141897
3285.66563718
3282.67261453
3279.68234848
3276.69483648
3273.71007601
3270.72806453
3267.74879951
3264.77227843
3261.79849875
3258.82745795
3255.85915352
3252.89358293
3249.93074366
3246.9706332
3244.01324905
3241.05858868
3238.1066496
3235.15742929
3232.21092526
3229.267135
3226.32605602
3223.38768582
3220.4520219
3217.51906178
3214.58880296
3211.66124296
3208.7363793
3205.81420949
3202.89473105
3199.97794151
3197.06383838
3194.15241921
3191.2436815
3188.33762281
3185.43424066
3182.53353258
3179.63549612
3176.74012882
3173.84725192
3170.95669297
3168.06879628
3165.18355938
3162.30097984
3159.4210552
3156.54378303
3153.66916087
3150.7971863
3147.92785687
3145.06117015
3142.1971237
3139.3357151
3136.47694192
3133.62080173
3130.76728633
3127.91635959
3125.06805861
3122.22238098
3119.37932429
3116.53888611
3113.70106405
3110.86585569
3108.03325796
3105.20326846
3102.37588546
3099.55110654
3096.72892933
3093.90935141
3091.0923704
3088.27798391
3085.46618955
3082.65698493
3079.85036766
3077.04633538
3074.24488569
3071.44601622
3068.6497246
3065.85600844
3063.06486539
3060.27629307
3057.49028912
3054.70685116
3051.92597685
3049.14766381
3046.3719097
3043.59871215
3040.82806881
3038.05997734
3035.29443537
3032.53144058
3029.7709906
3027.0130831
3024.25771573
3021.50488617
3018.75459206
3016.00683109
3013.26160091
3010.5188992
3007.77872363
3005.04107188
3002.30594161
2999.57333052
2996.84323627
2994.11565656
2991.39058907
2988.66803148
2985.94798149
2983.23043679
2980.51539507
2977.80285403
2975.09281136
2972.38526477
2969.68021196
2966.97765063
2964.27757849
2961.57999324
2958.88489261
2956.19227429
2953.50213601
2950.81447549
2948.12929043
2945.44657857
2942.76633763
2940.08856533
2937.4132594
2934.74041757
2932.07003757
2929.40211713
2926.736654
2924.0736459
2921.41309059
2918.75498579
2916.09932926
2913.44611875
2910.79535199
2908.14702674
2905.50114076
2902.85769179
2900.2166776
2897.57809595
2894.94194458
2892.30822127
2889.67692379
2887.04804989
2884.42159736
2881.79756395
2879.17564766
2876.55610826
2873.93898161
2871.32426549
2868.71195768
2866.10205596
2863.49455812
2860.88946195
2858.28676523
2855.68646576
2853.08856133
2850.49304974
2847.89992877
2845.30919624
2842.72084994
2840.13488768
2837.55130726
2834.97010649
2832.39128318
2829.81483515
2827.24076019
2824.66905614
2822.09971917
2819.53271424
2816.96807369
2814.40579536
2811.84587707
2809.28831665
2806.73311192
2804.18026072
2801.62976078
2799.08160992
2796.53580609
2793.99234714
2791.4512309
2788.91245522
2786.37601795
2783.84191693
2781.31015002
2778.78071505
2776.25360989
2773.7288324
2771.20638042
2768.68625183
2766.16844447
2763.65298968
2761.13994668
2758.6292184
2756.12080271
2753.61469749
2751.1109006
2748.60940993
2746.11022335
2743.61333873
2741.11875397
2738.62646694
2736.13647553
2733.64877762
2731.16337111
2728.68025388
2726.19942383
2723.72087886
2721.24461685
2718.77063571
2716.29893334
2713.82950763
2711.3623565
2708.89747786
2706.4348696
2703.97452964
2701.5164559
2699.06064627
2696.60709869
2694.15581107
2691.70678133
2689.26000739
2686.81548717
2684.37321861
2681.93319962
2679.49542814
2677.05990209
2674.62661942
2672.19557805
2669.76677592
2667.34021098
2664.91588116
2662.4937844
2660.07391865
2657.65628186
2655.24087197
2652.82768694
2650.41672472
2648.00798325
2645.6014605
2643.19715443
2640.79505992
2638.39514498
2635.99744063
2633.60194484
2631.20865557
2628.81757079
2626.42868847
2624.04200659
2621.65752311
2619.27523603
2616.89514331
2614.51712595
2612.14114297
2609.76734853
2607.39574063
2605.02631726
2602.65907639
2600.29401603
2597.93113416
2595.57042878
2593.21189789
2590.85553948
2588.50135156
2586.14933212
2583.79947918
2581.45179073
2579.10626479
2576.76289936
2574.42169245
2572.08264209
2569.74574628
2567.41100304
2565.07841039
2562.74796635
2560.41966894
2558.09351619
2555.76950612
2553.44763676
2551.12790614
2548.81031229
2546.49485325
2544.18152704
2541.87033171
2539.56126529
2537.25432583
2534.94951137
2532.64681995
2530.34624962
2528.04779842
2525.74240732
2523.4246238
2521.10897453
2518.79545755
2516.4840709
2514.1748126
2511.8676807
2509.56267325
2507.25978828
2504.95902385
2502.660378
2500.36384877
2498.06943423
2495.77713242
2493.4869414
2491.19885922
2488.91288395
2486.62901364
2484.34724635
2482.06758015
2479.79001311
2477.51454328
2475.24116875
2472.96988758
2470.70069783
2468.4335976
2466.16858495
2463.90565796
2461.64481471
2459.38605328
2457.12937176
2454.87476823
2452.62224077
2450.37178748
2448.12340644
2445.87709575
2443.63285351
2441.39067779
2439.15056672
2436.91251837
2434.67653086
2432.44260228
2430.21073074
2427.98091435
2425.75315121
2423.52743943
2421.30377713
2419.08216241
2416.8625934
2414.6450682
2412.42958494
2410.21614174
2408.00473671
2405.79536798
2403.58803368
2401.38270471
2399.17939319
2396.97811051
2394.77885482
2392.58162424
2390.38641691
2388.19323096
2386.00206454
2383.81291579
2381.62578284
2379.44066384
2377.25755694
2375.07646028
2372.89737202
2370.72013475
2368.54489903
2366.3716663
2364.20043471
2362.03120244
2359.86396763
2357.69872845
2355.53548306
2353.37422963
2351.21496631
2349.05769128
2346.90240271
2344.74909876
2342.59777762
2340.44843745
2338.30107643
2336.15569274
2334.01228456
2331.87085006
2329.73138744
2327.59389487
2325.45837055
2323.32481265
2321.19321937
2319.0635889
2316.93591944
2314.81020917
2312.68645629
2310.564659
2308.44481551
2306.326924
2304.21098269
2302.09698978
2299.98494347
2297.87484197
2295.76668349
2293.66046625
2291.55618845
2289.4538483
2287.35344403
2285.25497386
2283.15843599
2281.06382866
2278.97115008
2276.88039848
2274.79157203
2272.70466893
2270.61968749
2268.53662595
2266.45548252
2264.37625546
2262.29894298
2260.22354334
2258.15005476
2256.07847549
2254.00880378
2251.94103785
2249.87517597
2247.81121637
2245.74915731
2243.68899703
2241.63073379
2239.57436584
2237.51989144
2235.46730883
2233.41661628
2231.36781206
2229.32089441
2227.27586161
2225.23271191
2223.19144359
2221.1520549
2219.11454413
2217.07890954
2215.04514941
2213.013262
2210.9832456
2208.95508166
2206.92876271
2204.90430964
2202.88172072
2200.86099425
2198.8421285
2196.82512176
2194.80997233
2192.79667848
2190.78523852
2188.77565074
2186.76791343
2184.76202488
2182.7579834
2180.75578728
2178.75543482
2176.75692433
2174.76025412
2172.76542248
2170.77242772
2168.78126815
2166.79194209
2164.80444784
2162.81878372
2160.83494804
2158.85293912
2156.87275527
2154.89439483
2152.9178561
2150.94302516
2148.96990984
2146.9986114
2145.02912818
2143.06145849
2141.09560068
2139.13155307
2137.16931399
2135.20888178
2133.25025478
2131.29343133
2129.33840976
2127.38518841
2125.43376563
2123.48413976
2121.53630915
2119.59027214
2117.64602708
2115.70357233
2113.76290623
2111.82402713
2109.8869334
2107.95162338
2106.01809544
2104.08634793
2102.15637922
2100.22818766
2098.30177163
2096.37712948
2094.45425958
2092.5331603
2090.61383001
2088.69626709
2086.7804699
2084.86643681
2082.95416621
2081.04365647
2079.13490597
2077.22791309
2075.32267621
2073.41919372
2071.51746399
2069.61748543
2067.7192564
2065.8227753
2063.92804053
2062.03505047
2060.14380352
2058.25429808
2056.36653253
2054.48050528
2052.59621473
2050.71365927
2048.83283868
2046.9537537
2045.07635776
2043.20068093
2041.32673127
2039.45450718
2037.58400708
2035.71522937
2033.84817249
2031.98283483
2030.11921481
2028.25731086
2026.3971214
2024.53864484
2022.68187961
2020.82682413
2018.97347683
2017.12183614
2015.27190048
2013.42366828
2011.57713799
2009.73230802
2007.88917681
2006.0477428
2004.20800443
2002.36996014
2000.53360836
1998.69894753
1996.86597611
1995.03469253
1993.20509524
1991.37718269
1989.55095333
1987.7264056
1985.90353796
1984.08234886
1982.26283676
1980.44500011
1978.62883736
1976.81434699
1975.00152744
1973.19037718
1971.38089468
1969.57307839
1967.76692678
1965.96243832
1964.15961149
1962.35844474
1960.55893655
1958.76108539
1956.96488974
1955.17034807
1953.37745886
1951.586199
1949.79628729
1948.00802378
1946.22140694
1944.43643526
1942.65310722
1940.87142131
1939.09137601
1937.31296983
1935.53620124
1933.76106875
1931.98757083
1930.215706
1928.44547274
1926.67686955
1924.90989494
1923.1445474
1921.38082543
1919.61872753
1917.85825222
1916.099398
1914.34216338
1912.58654685
1910.83254694
1909.08016216
1907.32939101
1905.58023202
1903.8326837
1902.08674456
1900.34241312
1898.59968791
1896.85856744
1895.11905024
1893.38113483
1891.64481973
1889.91010348
1888.17698459
1886.44546161
1884.71553305
1882.98719746
1881.26045336
1879.53529929
1877.81173379
1876.08975538
1874.36936262
1872.65055404
1870.93332819
1869.2176836
1867.50357304
1865.79103766
1864.08007923
1862.37069629
1860.6628874
1858.9566511
1857.25198594
1855.54889048
1853.84736328
1852.14740289
1850.44900786
1848.75217676
1847.05690814
1845.3632006
1843.67105271
1841.980463
1840.29143003
1838.60395237
1836.91802858
1835.23365723
1833.55083689
1831.86956615
1830.18984355
1828.5116677
1826.83503715
1825.15995048
1823.48640629
1821.81440313
1820.1439396
1818.47501428
1816.80762575
1815.14177259
1813.4774534
1811.81466676
1810.15341126
1808.49368549
1806.83548803
1805.1788175
1803.52367246
1801.87005154
1800.21795331
1798.56737638
1796.91831934
1795.2707808
1793.62475937
1791.98025363
1790.3372622
1788.69578369
1787.05581669
1785.41735982
1783.78041169
1782.1449709
1780.51103608
1778.87860583
1777.24767877
1775.61825351
1773.99032867
1772.36390287
1770.73897473
1769.11559327
1767.49373816
1765.87337649
1764.2545069
1762.63712802
1761.02123846
1759.40683687
1757.79392186
1756.18249208
1754.57252242
1752.96401387
1751.35698649
1749.7514389
1748.14736975
1746.54477767
1744.94366131
1743.34401931
1741.7458503
1740.14915294
1738.55392587
1736.96016772
1735.36787716
1733.77705283
1732.18769338
1730.59979746
1729.01336372
1727.42839082
1725.84487741
1724.26282215
1722.68222369
1721.1030807
1719.52539184
1717.94915575
1716.37437112
1714.8010366
1713.22915085
1711.65871254
1710.08972035
1708.52217293
1706.95606896
1705.3914071
1703.82818604
1702.26640444
1700.70606098
1699.14715433
1697.58968318
1696.03364619
1694.47904206
1692.92586945
1691.37412705
1689.82381355
1688.27492763
1686.72746798
1685.18143334
1683.63682246
1682.09363391
1680.55186637
1679.01151855
1677.47258913
1675.93507681
1674.39898028
1672.86429824
1671.33102938
1669.79917241
1668.26872603
1666.73968893
1665.21205982
1663.68583741
1662.16102047
1660.63760764
1659.11556389
1657.59490693
1656.07565023
1654.55779252
1653.04133251
1651.5262689
1650.01260042
1648.50032577
1646.98944368
1645.47995285
1643.97185202
1642.4651399
1640.95981521
1639.45587668
1637.95332302
1636.45215297
1634.95236524
1633.45395858
1631.9569317
1630.46128333
1628.9670122
1627.47411706
1625.98259662
1624.49244963
1623.00367482
1621.51627093
1620.03023668
1618.54557084
1617.06227212
1615.58033928
1614.09977106
1612.62056619
1611.14272343
1609.66624152
1608.19111921
1606.71735524
1605.24492617
1603.77373868
1602.30390591
1600.83542662
1599.36829955
1597.90252346
1596.43809712
1594.97501926
1593.51328866
1592.05290407
1590.59386426
1589.13616798
1587.679814
1586.22480108
1584.77112799
1583.3187935
1581.86779636
1580.41811169
1578.96973177
1577.52268557
1576.07697187
1574.63258943
1573.18953702
1571.74781343
1570.30741744
1568.86834781
1567.43060332
1565.99418277
1564.55908492
1563.12530856
1561.69285247
1560.26171544
1558.83189626
1557.4033937
1555.97620656
1554.55033363
1553.12577369
1551.70252554
1550.28058797
1548.85995977
1547.44063974
1546.02262667
1544.60591936
1543.19051661
1541.77641721
1540.36361997
1538.95212368
1537.54192715
1536.13302919
1534.72542859
1533.31912416
1531.91411471
1530.51039905
1529.10797603
1527.70684442
1526.30700303
1524.90845067
1523.51118614
1522.11520827
1520.72051587
1519.32710776
1517.93498275
1516.54413966
1515.15457732
1513.76629454
1512.37929014
1510.99356295
1509.6091118
1508.2259355
1506.84403288
1505.46338799
1504.08396807
1502.70581837
1501.32893772
1499.95332496
1498.57897892
1497.20589843
1495.83408232
1494.46352944
1493.09423862
1491.72620869
1490.3594385
1488.99392688
1487.62967268
1486.26667475
1484.90493191
1483.54444302
1482.18520693
1480.82722247
1479.4704885
1478.11500386
1476.76076741
1475.407778
1474.05603447
1472.70553568
1471.35628049
1470.00826775
1468.66149631
1467.31596503
1465.97167278
1464.6286184
1463.28680076
1461.94621873
1460.60687116
1459.26875691
1457.93187486
1456.59622386
1455.26168291
1453.92832154
1452.59618797
1451.26528109
1449.93559976
1448.60714285
1447.27990924
1445.9538978
1444.6291074
1443.30549845
1441.98308448
1440.66188823
1439.3419086
1438.02314446
1436.70559468
1435.38925816
1434.07413377
1432.76022041
1431.44751694
1430.13602227
1428.82573527
1427.51665484
1426.20878002
1424.90210956
1423.59664234
1422.29237725
1420.98931317
1419.68744902
1418.38678367
1417.08731602
1415.78904498
1414.49196944
1413.19608831
1411.90140047
1410.60790483
1409.3156003
1408.02448578
1406.73456017
1405.44597706
1404.15865953
1402.87252741
1401.58757963
1400.30381508
1399.02123269
1397.73983135
1396.45960999
1395.18056751
1393.90266393
1392.62590795
1391.35032765
1390.07592198
1388.80268983
1387.53063013
1386.2597418
1384.99002376
1383.72147494
1382.45409426
1381.18788064
1379.92283301
1378.65895029
1377.39623141
1376.1346753
1374.8742809
1373.61504712
1372.3569729
1371.10005718
1369.84429888
1368.58969695
1367.33625031
1366.08395791
1364.83281867
1363.58283154
1362.33399547
1361.08630937
1359.83977221
1358.59438292
1357.35014044
1356.10704372
1354.8650917
1353.62428334
1352.38461757
1351.14609334
1349.90870961
1348.67246531
1347.43735942
1346.20334758
1344.97044075
1343.73866923
1342.50803198
1341.27852796
1340.05015607
1338.82291524
1337.59680451
1336.37182284
1335.1479692
1333.92524253
1332.70364182
1331.48316601
1330.26381408
1329.04558499
1327.8284777
1326.61249118
1325.3976244
1324.18387634
1322.97124595
1321.75973221
1320.54929903
1319.33987778
1318.13157022
1316.92437532
1315.71829207
1314.51331944
1313.30945641
1312.10670195
1310.90505505
1309.70450148
1308.5049864
1307.30657588
1306.10926893
1304.9130645
1303.7179616
1302.52395921
1301.33105631
1300.1392519
1298.94854495
1297.75893447
1296.57041943
1295.38299884
1294.19667168
1293.01143695
1291.82729364
1290.64424075
1289.46227727
1288.2814022
1287.10161453
1285.92291328
1284.74529743
1283.56876598
1282.39331795
1281.21895232
1280.04566811
1278.87346432
1277.70233995
1276.53229401
1275.3633255
1274.19543344
1273.02854178
1271.86269938
1270.69793055
1269.53423429
1268.37160962
1267.21005587
1266.04957196
1264.89015668
1263.73180904
1262.57452807
1261.41831278
1260.26316219
1259.10907532
1257.9560512
1256.80408883
1255.65318725
1254.50334547
1253.35456253
1252.20683745
1251.06016925
1249.91455695
1248.7699996
1247.62649621
1246.48404582
1245.34264745
1244.20230015
1243.06300293
1241.92475483
1240.7875549
1239.65140215
1238.51625756
1237.3820818
1236.24895045
1235.11686254
1233.98581712
1232.85581322
1231.72684988
1230.59892615
1229.47204107
1228.34619368
1227.22138303
1226.09760816
1224.97486812
1223.85316196
1222.73266396
1221.61332178
1220.49501036
1219.37772873
1218.26147597
1217.14625111
1216.03205321
1214.91888134
1213.80673453
1212.69555384
1211.58533693
1210.47614237
1209.36796922
1208.26081653
1207.15468333
1206.04956863
1204.94547158
1203.84239125
1202.74032669
1201.63927698
1200.53924118
1199.44021835
1198.34220757
1197.24511557
1196.14896431
1195.05370751
1193.95945927
1192.86621868
1191.7739848
1190.6827567
1189.59253347
1188.50331417
1187.41509788
1186.32788367
1185.24167063
1184.15645784
1183.07224436
1181.98902929
1180.9068117
1179.82556763
1178.74504867
1177.66552471
1176.58699483
1175.50945811
1174.43291364
1173.3573605
1172.28279778
1171.20922457
1170.13663996
1169.06504304
1167.99416751
1166.92405457
1165.85492703
1164.78678398
1163.71962452
1162.65344775
1161.58784148
1160.52299282
1159.4591247
1158.39563778
1157.3328853
1156.27111142
1155.20917254
1154.14813777
1153.08661753
1152.02587998
1150.96450116
1149.90280378
1148.84072727
1147.77724456
1146.71259419
1145.64664736
1144.57927402
1143.50954045
1142.43763777
1141.36415289
1140.28867614
1139.21146727
1138.13328528
1137.05498314
1135.97703096
1134.90007305
1133.82649094
1132.75492621
1131.68901351
1130.62937842
1129.57637771
1128.53097644
1127.49302782
1126.4633913
1125.44260345
1124.4292198
1123.42260235
1122.4218657
1121.42626208
1120.43412783
1119.44435769
1118.45603163
1117.46861884
1116.48103404
1115.49244065
1114.501426
1113.50901313
1112.51437072
1111.51769854
1110.51933033
1109.51885436
1108.51758314
1107.51410187
1106.51001511
1105.50544972
1104.49972809
1103.49457174
1102.48863037
1101.48361544
1100.47827626
1099.47358869
1098.46978124
1097.46616916
1096.46308388
1095.46073543
1094.45931003
1093.45880684
1092.45892238
1091.45971698
1090.46143172
1089.46406576
1088.46761825
1087.47193339
1086.47687562
1085.48269849
1084.48943685
1083.49708988
1082.50565673
1081.51513655
1080.52552905
1079.53683375
1078.54904891
1077.56217368
1076.57620724
1075.59081411
1074.60632116
1073.62273479
1072.64005416
1071.65827845
1070.67740681
1069.69743842
1068.71837244
1067.74020805
1066.76294441
1065.78658069
1064.81111607
1063.83654972
1062.86288081
1061.89010851
1060.91802329
1059.94677087
1058.97641284
1058.00694837
1057.03837663
1056.07069681
1055.10390809
1054.13800963
1053.17300064
1052.20888027
1051.24564773
1050.28330159
1049.32184162
1048.36126701
1047.40157696
1046.44262511
1045.48444351
1044.52714425
1043.57072652
1042.61518951
1041.66053241
1040.70675441
1039.75385469
1038.80183246
1037.8506869
1036.9004172
1035.95132238
1035.00326509
1034.05608083
1033.1097688
1032.164229
1031.21937955
1030.27540017
1029.33228995
1028.39004746
1027.44867263
1026.50816468
1025.5685228
1024.6297462
1023.69183408
1022.75478564
1021.8186001
1020.88327665
1019.94881449
1019.01521285
1018.08242352
1017.15021919
1016.21887328
1015.28838501
1014.35875357
1013.4299782
1012.50205808
1011.57499245
1010.6487805
1009.72342146
1008.79891454
1007.87525884
1006.95245345
1006.03049784
1005.10939121
1004.18913279
1003.26941639
1002.35052741
1001.43248458
1000.51528713
999.598934275
998.683425242
997.768759253
996.854935532
995.941953302
995.029811789
994.11851022
993.207882441
992.297937044
991.388829562
990.480559223
989.573125257
988.666526893
987.760763363
986.856060805
985.95247458
985.049679531
984.147710926
983.246536042
982.345860228
981.446013795
980.546995981
979.648806021
978.751443155
977.85490662
976.959195656
976.064309502
975.170247399
974.277008589
973.384592604
972.492697024
971.601493911
970.711111449
969.821548884
968.93280546
968.044880424
967.157773021
966.271482499
965.386008106
964.50134909
963.6175047
962.734314923
961.851595729
960.969689367
960.088595021
959.208311234
958.328838038
957.450174684
956.572320428
955.695274525
954.81903623
953.943604799
953.06920482
952.195435507
951.322407271
950.450182943
949.578761784
948.708143054
947.838326015
946.969309927
946.101095405
945.233680556
944.367064447
943.501246343
942.635901246
941.770998747
940.906892665
940.043582267
939.18106682
938.319345592
937.458417852
936.59828287
935.738939914
934.880388257
934.02262717
933.165606127
932.308434561
931.447021821
930.586402284
929.726575219
928.867539897
928.009295588
927.151841564
926.295469603
925.439583986
924.584486481
923.730176364
922.87665291
922.023915395
921.171963093
920.320793933
919.469815229
918.619532662
917.770033058
916.921315697
916.073379859
915.226224825
914.379849874
913.534047247
912.688457164
911.843645737
910.999612039
910.156352054
909.31386858
908.472160903
907.631369416
906.791316658
905.951737242
905.112930953
904.274897079
903.437634909
902.601143732
901.765422838
900.930422119
900.095233145
899.260813277
898.427161809
897.594278032
896.76216124
895.930810726
895.100225786
894.269864854
893.439629683
892.610169435
891.781472865
890.953538887
890.126367369
889.29995761
888.474580827
887.649264979
886.824504681
886.000503941
885.17726206
884.35477834
883.533052083
882.712082591
881.891541144
881.070695873
880.250606608
879.431272651
878.61269331
877.794867887
876.977060083
876.159477223
875.343337491
874.527949456
873.713312427
872.899425713
872.084955398
871.271022346
870.457839033
869.645410973
868.833734985
868.022568663
867.210620332
866.399420009
865.588967006
864.779260634
863.970278229
863.162102448
862.353613363
861.545869165
860.738869169
859.93261269
859.127099043
858.320610867
857.514263692
856.708655447
855.9037896
855.099665469
854.296216038
853.490882856
852.686292039
851.882442905
851.080196087
850.278933254
849.477360376
848.674457122
847.872294188
847.070870893
846.270186556
845.470235569
844.669142139
843.867674655
843.066946489
842.267365772
841.467067738
840.667018208
839.867721518
839.069098589
838.268234307
837.468109361
836.668723072
835.869240499
835.06793583
834.267371397
833.467546519
832.668260356
831.867583906
831.067610863
830.268377212
829.467249593
828.665169606
827.863831712
827.063203596
826.259321902
825.455281862
824.651986705
823.850110945
823.044147554
822.238926238
821.434449432
820.629346282
819.819792249
819.010989563
818.202938582
817.394044782
816.581410005
815.769593101
814.958532516
814.143706079
813.326681001
812.510351613
811.689723587
810.869413086
810.049795268
809.223423825
808.397110942
807.571118283
806.736945775
805.903531319
805.070087666
804.229402861
803.389547577
802.546310277
801.695983379
800.846522123
799.992490288
799.132530636
798.273406982
797.404488854
796.530915867
795.658822372
794.773895829
793.885890587
792.998751383
792.096784533
791.194845434
790.278044455
789.359882304
788.428266693
787.493507437
786.544462507
785.58871117
784.621943003
783.639686438
782.647232669
781.650454887
780.631461227
779.597855418
778.553206057
777.481766479
776.398808187
775.293941853
774.162088926
773.017378688
771.83473329
770.630623543
769.397975275
768.131602129
766.821188713
765.473588427
764.087710333
762.659888083
761.162938403
759.611089922
758.000641567
756.326408413
754.566538943
752.718918545
750.772390692
748.714639336
746.527884903
744.198148424
741.704378229
739.022910245
736.124025743
732.981267845
729.520226259
725.720514493
721.512665103
716.746853908
711.357385989
705.146964719
697.9105905
689.358239985
679.150214339
666.843203836
651.964511972
633.908697103
612.256566695
586.667331625
556.766528928
523.081494047
486.278006819
447.259443207
407.635456321
368.618819878
331.897893273
298.049612869
268.1398964
242.072846084
220.22149388
201.996698492
187.506437603
176.186176345
168.044262921
162.662657839
159.990131515
159.807930621
162.341483827
167.544850925
175.475465577
186.485275381
200.610065289
218.393028673
239.74747745
265.089730943
294.163627296
326.85254027
362.238599921
399.255302397
436.595537029
473.003409873
507.138161239
537.884902167
564.791062839
587.712875367
606.645239421
622.233715088
634.872303455
645.161585471
653.53504583
660.388665904
666.02067757
670.687743662
674.64374959
677.982630855
680.850099181
683.283084843
685.387199127
687.204233372
688.779342864
690.151177374
691.330049322
692.357886373
693.232355254
693.989565365
694.627713665
695.165150273
695.613653198
695.990847969
696.286276898
696.523811178
696.691161103
696.820912415
696.895207246
696.917554955
696.905400046
696.84528976
696.75876135
696.639933562
696.501145148
696.315846006
696.122246808
695.896725695
695.651184676
695.382679369
695.098526784
694.802645663
694.482559945
694.152293403
693.801598917
693.445720403
693.071167436
692.685965423
692.292833294
691.888479033
691.473954125
691.045688031
690.614316421
690.17395707
689.729498642
689.276276537
688.813365974
688.345072595
687.871725747
687.394403687
686.910419792
686.41813833
685.926402095
685.425881569
684.923462302
684.421445801
683.906868219
683.391218472
682.875250167
682.35184231
681.829004318
681.304813828
680.775297956
680.244125147
679.708692724
679.169705696
678.631237211
678.09006741
677.546645534
677.003743398
676.457733454
675.907667289
675.35784548
674.8044683
674.250981547
673.698018113
673.141376483
672.585281321
672.027196772
671.466053061
670.904638173
670.341076745
669.778104611
669.215659661
668.651976154
668.086574098
667.521700237
666.957348216
666.390276155
665.821015586
665.252294189
664.683439502
664.112967162
663.543041038
662.973597196
662.402579428
661.831693838
661.261338685
660.69026666
660.116563993
659.543404314
658.970657998
658.396552047
657.822991551
657.249962438
656.675761259
656.10190136
655.528572762
654.954036293
654.37950733
653.805509882
653.23077183
652.653781527
652.076874298
651.500500058
650.92452026
650.347544413
649.771120576
649.195229054
648.619869358
648.045039996
647.47073379
646.896957953
646.323712
645.751068205
645.179792312
644.609050602
644.037370339
643.466006566
642.89517036
642.324737414
641.7537919
641.18337342
640.613010847
640.042285002
639.472092476
638.901756487
638.331116945
637.761003821
637.191416632
636.622374186
636.052616235
635.483332185
634.914573175
634.346340674
633.777335313
633.207761204
632.638712175
632.070187743
631.50218378
630.934696809
630.36734651
629.800032908
629.233242232
628.666974002
628.101227736
627.535991416
626.970719637
626.405778177
625.841356066
625.277448364
624.714060395
624.151158449
623.588150958
623.025662321
622.46369206
621.902239699
621.340979625
620.779301759
620.217763159
619.656741948
619.09623765
618.536249788
617.976777888
617.417470504
616.858507879
616.300060699
615.742128031
615.184709401
614.627804335
614.070980977
613.514640277
612.958812122
612.40349604
611.848691784
611.294309901
610.740122499
610.186445636
609.633278844
609.080231666
608.527232556
607.974548584
607.422213292
606.870386772
606.319068556
605.768258175
605.217958256
604.667892552
604.118273611
603.569160927
603.020522143
602.472369408
601.924679589
601.377194204
600.830213093
600.283735791
599.737761835
599.192291555
598.647326496
598.102863391
597.558720755
597.014911231
596.471602581
595.928794345
595.386486062
594.844677272
594.303367515
593.762556331
593.221967493
592.681820414
592.141485856
591.601648934
591.062309022
590.523453097
589.985093446
589.44714895
588.909521111
588.372388406
587.835750379
587.299606575
586.763956538
586.228799815
585.694135951
585.159802019
584.625892854
584.092475392
583.559549179
583.027113765
582.495168696
581.963713522
581.432726804
580.902045649
580.371853217
579.84214906
579.312932727
578.784204204
578.25596408
577.728210432
577.200850274
576.673883112
576.147401249
575.621404238
575.095891632
574.570862987
574.046317856
573.522255794
572.998538437
572.475287303
571.951958841
571.429110918
570.90674448
570.384859085
569.86345429
569.342486495
568.821893348
568.301779607
567.78214483
567.262988578
566.744310408
566.226109881
565.708386558
565.191053211
564.674156837
564.157736463
563.64179165
563.12632196
562.611326956
562.096806201
561.582749105
561.069055078
560.555834099
560.043085731
559.530809541
559.019006449
558.507680773
557.996825965
557.486390285
556.976369164
556.466817706
555.957735479
555.449122052
554.940976992
554.433299869
553.926090252
553.419244748
552.912851425
552.406924424
551.901463313
551.396467666
550.891937052
550.387871044
549.884269214
549.381131135
548.878308351
548.375701096
547.873499766
547.371691373
546.870326162
546.36942263
545.868980353
545.368998907
544.869477866
544.370416807
543.871815306
543.37367294
542.875989287
542.378756717
541.881877231
541.385455292
540.88949048
540.393982373
539.898930551
539.404334594
538.910194081
538.416508595
537.923277715
537.430501022
536.9381781
536.44624585
535.954736947
535.463680644
534.973076526
534.482924176
533.993223178
533.503973115
533.015173574
532.526824139
532.038924396
531.55147393
531.064451223
530.577814612
530.091626114
529.605885317
529.120591808
528.635745175
528.151345008
527.667390895
527.183882425
526.700819188
526.218200774
525.736026774
525.254235093
524.772868967
524.291944235
523.811462354
523.331422919
522.851774356
522.372324799
521.893316732
521.414749749
520.936623442
520.458937406
519.98165569
519.504768412
519.028320262
518.552310838
518.076739734
517.601606548
517.126910875
516.652652314
516.178830461
515.705444914
515.232495273
514.759977243
514.287828281
513.816114085
513.344834254
512.873988387
512.403576086
511.933596951
511.464050583
510.994904547
510.526147313
510.05782172
509.58992737
509.122463867
508.655430814
508.188827815
507.722654473
507.256829673
506.791419346
506.326437576
505.86188397
505.397758133
504.934059671
504.470745351
504.0077762
503.545233358
503.083116432
502.621425031
502.160142521
501.699119369
501.238520732
500.778346218
500.318595438
499.85908701
499.39996234
498.941260435
498.482746824
498.024635108
497.566752156
497.109136935
496.651682332
496.194316088
495.73699092
495.279489788
494.821675938
494.36315983
493.903237484
493.44131656
492.976286968
492.506514551
492.030589877
491.545778299
491.049937322
490.54057166
490.016624885
489.476483953
488.922010919
488.356307424
487.785848059
487.217533009
486.659900925
486.12422331
485.618297935
485.147742384
484.715890673
484.320360915
483.956571457
483.617404726
483.291046252
482.969162135
482.645548325
482.31160422
481.962179031
481.59799009
481.217985928
480.824314067
480.418279205
480.00332465
479.581393932
479.154312582
478.723849791
478.291221999
477.857090351
477.422121029
476.986708898
476.551178887
476.115533534
475.680101182
475.244719492
474.809593054
474.374729494
473.940195552
473.505887799
473.071968695
472.63826935
472.204969367
471.77206838
471.339464931
470.90720789
470.475348881
470.043887538
469.612713135
469.18191723
468.75151801
468.32151511
467.891908166
467.462685365
467.033792888
466.605295342
466.177192364
465.74946002
465.322082255
464.895098026
464.468506972
464.042308729
463.616502937
463.191089233
462.766067258
462.341394286
461.917097723
461.493191858
461.069676332
460.646550786
460.22381486
459.801468195
459.37950281
458.957887312
458.536660042
458.115820645
457.695368762
457.275304037
456.855626114
456.436334636
456.017402729
455.598833006
455.180648708
454.762849479
454.345434964
453.928404811
453.511758664
453.09549617
452.679552319
452.26398858
451.848807496
451.434008716
451.019572008
450.605440781
450.191681788
449.778278117
449.365219846
448.95242501
448.540010278
448.127796545
447.715913214
447.304130004
446.892438064
446.480618266
446.068480274
445.655724789
445.241961911
444.826536657
444.40900319
443.988972561
443.565946967
443.140044515
442.711433019
442.281037728
441.850568284
441.421566781
440.996335696
440.576936871
440.165056758
439.761102914
439.365355991
438.977066993
438.594109047
438.21478952
437.836873034
437.458424543
437.078368846
436.695315659
436.309332006
435.920403582
435.528865679
435.135349049
434.740365182
434.344355886
433.947730087
433.550808898
433.15385529
432.756962904
432.360184738
431.963698532
431.567443022
431.171552392
430.775938536
430.380627427
429.985680327
429.5910969
429.196828367
428.802881131
428.409296647
428.016074581
427.623214598
427.230716366
426.838579551
426.446758283
426.055288994
425.664180175
425.273431494
424.883042619
424.493013218
424.10334296
423.714026393
423.325047855
422.936427493
422.548164976
422.160259976
421.772712163
421.385521209
420.998686784
420.612194939
420.226050815
419.840262256
419.454828936
419.069750526
418.685026695
418.300657083
417.916641402
417.532979327
417.149670532
416.766714691
416.384111481
416.001860576
415.619961652
415.238414384
414.857210931
414.476347883
414.095835538
413.715673573
413.335861665
412.956399492
412.577286732
412.198523062
411.820108162
411.442041711
411.064323387
410.686952871
410.309929841
409.933253978
409.556924962
409.180938997
408.8052861
408.429979109
408.055017704
407.680401568
407.306130382
406.932203829
406.558621591
406.185383352
405.812488795
405.439935244
405.067713819
404.695835138
404.324298888
403.953104752
403.582252415
403.211741563
402.841571882
402.471743056
402.102254773
401.733106718
401.364298579
400.995830042
400.627696475
400.259894519
399.892431239
399.525306323
399.158519459
398.792070337
398.425957997
398.060182732
397.694744276
397.329637949
396.964861997
396.600421934
396.236317451
395.872548239
395.509113989
395.146014394
394.783249145
394.420817933
394.058720452
393.696956395
393.335525453
392.974427321
392.613661692
392.25322826
391.893126718
391.533356762
391.173918086
390.814810385
390.456033355
390.09758669
389.739470087
389.381683241
389.024216755
388.667073279
388.310258665
387.953772609
387.59761481
387.241784965
386.886282771
386.531107928
386.176260133
385.821739086
385.467544486
385.113676032
384.760133424
384.406916362
384.054024546
383.701457676
383.349215455
382.997297581
382.645703758
382.294433779
381.943487457
381.592864291
381.242563983
380.892573586
380.542902518
380.193553431
379.844526028
379.495820014
379.147435092
378.799370966
378.451627342
378.104203923
377.757100416
377.410316526
377.063851958
376.717706419
376.371879614
376.026371251
375.681181035
375.336308675
374.991753876
374.647516348
374.303595798
373.959991933
373.616704463
373.273733096
372.931063594
372.588709245
372.24667014
371.904945989
371.563536501
371.222441386
370.881660356
370.54119312
370.201039391
369.861198879
369.521671296
369.182456357
368.843553777
368.504963263
368.166684526
367.828717281
367.491045341
367.153678328
366.816621966
366.479875969
366.143440052
365.807313929
365.471494404
365.135971228
364.800757006
364.465851453
364.131254285
363.796965216
363.462983965
363.129310248
362.79594378
362.46288428
362.130166967
361.797825271
361.465789599
361.13405967
360.802635203
360.471515917
360.14070153
359.810191762
359.479986332
359.15008496
358.820486459
358.491191304
358.162199368
357.833504637
357.505101877
357.177001515
356.849203272
356.52170687
356.194512032
355.867618479
355.541025935
355.214734122
354.888742763
354.563051582
354.237660302
353.912568647
353.587776342
353.26328311
352.939088675
352.615192764
352.291595102
351.968295412
351.645293422
351.322588857
351.000181443
350.678070907
350.356247961
350.034714394
349.713476899
349.392535204
349.071889523
348.75153973
348.431484921
348.111724823
347.792259164
347.473087675
347.154210083
346.835626118
346.517335511
346.19933799
345.881633286
345.564215548
345.247079936
344.930236347
344.613684513
344.297424164
343.981455032
343.665776849
343.350389348
343.035292259
342.720485317
342.405968254
342.091740803
341.777803051
341.46415457
341.1507949
340.837721385
340.524922308
340.212411261
339.900187979
339.588252196
339.276603648
338.965242071
338.6541672
338.343378771
338.032876521
337.722702284
337.412910617
337.103404213
336.794182808
336.485246141
336.176593949
335.868210827
335.560110665
335.252294207
334.944761194
334.63751012
334.330541691
334.023855924
333.71745256
333.411329689
333.105484188
332.799920317
332.494637814
332.189636423
331.884915882
331.580475935
331.276302125
330.972403126
330.668783963
330.365444379
330.062384116
329.759602917
329.457100525
329.154876683
328.852931135
328.551263625
328.249873896
327.948761657
327.647925612
327.347366584
327.047084316
326.747066416
326.44731375
326.147837102
325.848636217
325.549710843
325.251060725
324.952685609
324.654585244
324.356759375
324.05920775
323.761930117
323.464926223
323.168196649
322.871740493
322.57555732
322.279637694
321.983970883
321.688583674
321.393620454
321.098928844
320.804508595
320.510359455
320.216481176
319.922873508
319.629536201
319.336469008
319.043671679
318.751143086
318.458883314
318.166892663
317.875168
317.583688133
317.292476668
317.001533358
316.710857956
316.420450216
316.130309891
315.840436735
315.550830502
315.261490946
314.972417821
314.683610883
314.395049044
314.106746039
313.818708512
313.530936217
313.243428909
312.956186346
312.669208283
312.382494477
312.096044684
311.809858662
311.523936167
311.238267947
310.952838592
310.667680884
310.382951731
310.098484477
309.814278007
309.530333244
309.246649947
308.963227875
308.680066788
308.397166446
308.114526608
307.832115399
307.549959507
307.268063434
306.98642694
306.705049786
306.423931734
306.143072544
305.862471979
305.582130228
305.30204663
305.022220941
304.742631738
304.46327769
304.184180879
303.90534107
303.626758024
303.348431507
303.070361281
302.792547112
302.514987868
302.237683522
301.960772351
301.684192132
301.407818727
301.131699818
300.855835171
300.580224552
300.304861797
300.029733335
299.754858222
299.480235976
299.205865238
298.931747151
298.657881484
298.384230286
298.110810298
297.837642086
297.564725418
297.292060062
297.019645786
296.747482359
296.475569551
296.203907214
295.932495062
295.661332837
295.390405997
295.119685004
294.849213299
294.578990655
294.309016841
294.039291628
293.769871424
293.500894589
293.232127856
292.963593556
292.695306536
292.427266568
292.159473425
291.891926878
291.624626702
291.357570118
291.090700181
290.824075989
290.557697317
290.291563939
290.025677261
289.760035528
289.49463841
289.22945632
288.96448089
288.699749461
288.435261808
288.171017705
287.90701693
287.643351948
287.380077763
287.116973363
286.854100301
286.591469307
286.329080157
286.066932629
285.805026501
285.543361551
285.281914008
285.020634825
284.759596561
284.498798673
284.23824094
283.977923141
283.717888133
283.458296795
283.198877464
282.939652185
282.680665617
282.421917538
282.16340773
281.905135973
281.647102048
281.389302718
281.131628799
280.87419593
280.617000119
280.360041147
280.103318795
279.846796116
279.590728831
279.334907763
279.079323554
278.823974705
278.568860999
278.313906637
278.059138511
277.804604991
277.550305859
277.296239809
277.042406781
276.788679335
276.535174671
276.281903447
276.028865446
275.776310765
275.524032065
275.271854488
275.019909602
274.768196723
274.516715636
274.265466129
274.014356835
273.763380134
273.512634544
273.262119852
273.011960562
272.762251582
272.512596038
272.263130856
272.013895942
271.764890538
271.516114433
271.267543634
271.018969228
270.770621987
270.522503434
270.274613358
270.027363044
269.780252846
269.533220092
269.286414818
269.039836815
268.793346612
268.54699676
268.300873192
268.054975401
267.809100535
267.563400127
267.318195931
267.073439788
266.828628553
266.584037034
266.339670744
266.095467025
265.85122416
265.60720612
265.363412626
265.119675928
264.876020649
264.632949908
264.390104336
264.147474059
263.904568865
263.661887337
263.41942927
263.177472025
262.9355464
262.693671853
262.452020022
262.210195524
261.968455418
261.727136164
261.486284543
261.245177815
261.004182054
260.763299097
260.522201773
260.281443882
260.040889678
259.800273709
259.559877308
259.319094452
259.07822808
258.837303476
258.596132639
258.354323815
258.111447916
257.866540999
257.618423056
257.366443706
257.108782465
256.845177313
256.575077796
256.302435785
256.029411375
255.761490125
255.50444286
255.259661237
255.02932989
254.810311442
254.59965411
254.389786754
254.178852603
253.962807382
253.739675427
253.510208312
253.275346353
253.036360741
252.794687512
252.550644335
252.304514459
252.057230504
251.809213908
251.559262936
251.308045116
251.056399257
250.802185716
250.54680532
250.289869648
250.030410972
249.768963742
249.505547353
249.23974026
248.97021692
248.698087157
248.422979354
248.143121224
247.858843777
247.57054434
247.27712987
246.97666507
246.669070327
246.354641478
246.031758749
245.700368613
245.355191823
244.998602747
244.627180442
244.239810611
243.832984243
243.404285866
242.950862496
242.467667449
241.945867653
241.38416852
240.773406026
240.104574634
239.360818016
238.523471637
237.574050813
236.482866291
235.209532934
233.698732096
231.840877138
229.493176927
226.404290716
222.119951661
215.938762552
206.761773979
193.285067768
174.805962691
151.756092338
126.618630934
102.534678972
82.0833889843
66.3002020383
55.055091705
47.5081832772
43.0905640543
41.2446685692
41.7594837602
44.6794667806
50.3609380486
59.248023631
72.1515863356
89.3523250619
110.433799731
133.660311997
156.193111185
175.194430463
189.627453672
199.800188335
206.755707666
211.503936164
214.885346765
217.363766014
219.268407971
220.767288734
221.960336865
222.94260453
223.735896212
224.394333764
224.941645993
225.389470725
225.760620974
226.063833079
226.31354395
226.513383204
226.673554933
226.799797659
226.891627138
226.958444919
227.003875818
227.02402392
227.027931409
227.01602652
226.985155535
226.945651558
226.889201139
226.826812682
226.75165373
226.669038975
226.578338815
226.480058327
226.373597623
226.262778073
226.147236382
226.025005375
225.898603971
225.769246372
225.632861746
225.494982579
225.353146459
225.207419304
225.060802129
224.908559459
224.75508033
224.600281087
224.443051477
224.282452511
224.120860549
223.958708246
223.792727681
223.625604984
223.457982502
223.289229765
223.117714436
222.945548735
222.772798136
222.59966739
222.423522282
222.247548593
222.071300051
221.893535658
221.714222105
221.534683769
221.354726114
221.174662862
220.994838351
220.812706284
220.629933434
220.447319719
220.264129106
220.081074347
219.898098611
219.712911163
219.527892651
219.342864415
219.157622965
218.972527734
218.78680919
218.599919105
218.413168969
218.226325189
218.039482172
217.852783889
217.665965232
217.479214227
217.291653118
217.103451655
216.915375938
216.727482682
216.539417789
216.351529204
216.163789104
215.975842386
215.787077982
215.598390964
215.409686905
215.221148428
215.032769389
214.844438657
214.6561347
214.467464534
214.278462411
214.089458982
213.900546935
213.711809469
213.523225992
213.334621975
213.146192225
212.957921652
212.769752859
212.581634184
212.392859251
212.20425466
212.015694737
211.827260851
211.638987314
211.450870166
211.262787129
211.074877471
210.886958547
210.698660776
210.510415593
210.322301196
210.134363259
209.946598687
209.75893212
209.571383898
209.384006534
209.196802006
209.009658253
208.822669611
208.635853932
208.449210559
208.262161945
208.075029673
207.888069918
207.701240198
207.514452063
207.327770704
207.14103664
206.954154369
206.767065258
206.579721017
206.392154559
206.20467524
206.017368616
205.830798195
205.645276242
205.460546441
205.276555888
205.093193991
204.910125097
204.727069568
204.543786525
204.360255844
204.176477245
203.992653556
203.808765816
203.624911529
203.441224277
203.257620425
203.074153281
202.890855208
202.707662909
202.524300075
202.341034729
202.157938235
201.975010437
201.792251181
201.609660861
201.427239165
201.24495109
201.06279397
200.880802052
200.698976942
200.517318607
200.335799624
200.154422629
199.973207254
199.791835003
199.610627816
199.429585651
199.248710266
199.067974164
198.887386121
198.706964435
198.526709314
198.34662057
198.166697726
197.986897437
197.807257004
197.627782055
197.448474129
197.269331818
197.090354533
196.911542121
196.732880389
196.554350934
196.375984296
196.197697181
196.019382459
195.841231985
195.663245607
195.485423173
195.307741604
195.130210563
194.952841041
194.775634894
194.598591972
194.421712124
194.244995202
194.06843761
193.892010873
193.715746588
193.539644652
193.363704924
193.187927253
193.01231149
192.836857487
192.661548499
192.4863841
192.311386279
192.136443665
191.961542036
191.786801498
191.612221903
191.437803102
191.263514793
191.08938508
190.915416609
190.74160837
190.567960213
190.394471991
190.221143558
190.047974767
189.874965469
189.702115307
189.529398185
189.35683723
189.184435208
189.012191973
188.84010738
188.668181282
188.496413533
188.32480279
188.153326372
187.982007718
187.810845978
187.639841883
187.468995287
187.298306046
187.127774014
186.957396553
186.787135891
186.617032043
186.447045544
186.27709935
186.107227248
185.937455467
185.767668531
185.597759121
185.42760993
185.257064917
185.086140686
184.914955939
184.743897433
184.573534484
184.404318216
184.236538439
184.070152782
183.904678065
183.739600631
183.574505359
183.409013359
183.243144272
183.076906114
182.910499895
182.744030733
182.577596709
182.411247801
182.245047145
182.078950073
181.913005975
181.747214619
181.581575347
181.416088628
181.250733666
181.08552757
180.920473626
180.755571695
180.590821636
180.426223309
180.261776601
180.097479549
179.933322864
179.769317364
179.605462911
179.441751501
179.278184772
179.114768685
178.951503101
178.788387882
178.62542289
178.462607985
178.299942983
178.137427719
177.975062129
177.812846076
177.650762718
177.488825213
177.32703685
177.165397491
177.003907
176.842565238
176.681372069
176.520327356
176.359430345
176.198681499
176.038080701
175.877619311
175.717293214
175.557114774
175.397083855
175.237200321
175.077464038
174.917874868
174.758432678
174.599137949
174.439990419
174.280989463
174.122134943
173.963406837
173.804824772
173.646388758
173.48809866
173.329955218
173.17195744
173.014105176
172.856390433
172.698809846
172.541374387
172.384083922
172.226938319
172.069937444
171.913081164
171.756369345
171.599801855
171.44337856
171.287099329
171.130989305
170.975097324
170.819348641
170.663743403
170.508281478
170.352962736
170.197787043
170.042754269
169.88785738
169.733092107
169.578469374
169.423989049
169.269650905
169.115454727
168.961400565
168.807488288
168.653703551
168.500056435
168.346550828
168.1931866
168.039963622
167.886881763
167.733940893
167.581138991
167.428460515
167.275922078
167.123524129
166.971266539
166.819149179
166.667171919
166.515334631
166.363757976
166.212344919
166.061071319
165.909937049
165.758941911
165.608087975
165.457373272
165.306797384
165.156334728
165.006009887
164.8558235
164.705775442
164.555865584
164.4060938
164.256459961
164.106955794
163.957568747
163.808319291
163.659207299
163.510232645
163.361395202
163.212694844
163.064136573
162.915862167
162.767714404
162.619703098
162.471828123
162.324089615
162.176487286
162.029020911
161.881684333
161.734451642
161.587354563
161.440392972
161.293566743
161.146875752
161.000319875
160.853898988
160.707743418
160.561738759
160.415868589
160.270132784
160.12453122
159.979063774
159.833700054
159.688464716
159.543363227
159.39839542
159.253561145
159.108853373
158.964244668
158.819769163
158.675426735
158.531340334
158.387464625
158.243700881
158.100043436
157.956518323
157.81312542
157.669864607
157.52673576
157.383699473
157.240780836
157.097993849
156.955378162
156.813064924
156.670879781
156.528765883
156.386782901
156.244932249
156.103212452
155.96162321
155.820141422
155.678743014
155.537474861
155.396336841
155.255525689
155.114899185
154.974350273
154.833901927
154.693582971
154.553393286
154.413332752
154.27340125
154.133502908
153.993730767
153.854087387
153.714666706
153.575531218
153.436508946
153.297535541
153.158690171
153.019972718
152.881347767
152.742804527
152.604563763
152.466503345
152.328510067
152.190609087
152.052835159
151.915188166
151.777576798
151.640120499
151.503001763
151.366007708
151.229022733
151.09216397
150.955432752
150.818796641
150.682180306
150.545854252
150.409779714
150.273757356
150.137772982
150.001913898
149.866179987
149.730458164
149.594788775
149.459517574
149.324376462
149.189184094
149.054075019
148.919090355
148.784289204
148.649603637
148.515042159
148.380563
148.246039276
148.11163948
147.977448667
147.843339308
147.709353498
147.575367603
147.441356267
147.307471783
147.173744748
147.040059912
146.906498585
146.772794646
146.639151144
146.50584151
146.372279436
146.238810511
146.105438695
145.971822215
145.83846411
145.705123096
145.57146414
145.437928215
145.304435108
145.17079999
145.037077945
144.903215721
144.76918704
144.635041006
144.500659963
144.366232486
144.231252712
144.096345592
143.961120297
143.825663167
143.689502435
143.553124735
143.41633603
143.278832572
143.140924743
143.00231688
142.862856695
142.722792908
142.581520246
142.439431848
142.296238888
142.151488843
142.005920642
141.857948985
141.708712959
141.557648863
141.403611117
141.247457873
141.088841965
140.926439569
140.760553336
140.590603872
140.416018191
140.235781793
140.049659055
139.856409211
139.655273689
139.445090588
139.22363879
138.990238525
138.742351538
138.476557018
138.189947234
137.880100695
137.541926363
137.167564952
136.751325715
136.283886991
135.750058169
135.137960517
134.422072858
133.575200929
132.553544638
131.296551545
129.716508818
127.666497963
124.891190321
120.907465835
114.91578262
105.640769683
92.0744433092
74.7830636873
56.8546463573
41.6373612991
30.7592641373
23.8596030861
19.9397978854
18.2477391849
18.4075096328
20.431730694
24.7378152368
31.9863465639
42.9709603712
57.4905908818
73.5479825884
88.0757691833
99.1297378698
106.719704203
111.846714734
115.406485346
118.007351358
119.982335804
121.537776467
122.780750344
123.790646096
124.617150479
125.304090078
125.879292916
126.359255209
126.760307603
127.097923808
127.38730667
127.626318021
127.830219141
128.00217475
128.145021363
128.263425569
128.359720276
128.433693341
128.495289501
128.542552368
128.573823645
128.595910164
128.607581262
128.607959576
128.601653454
128.587274865
128.564274464
128.537544517
128.503334821
128.465916195
128.42143897
128.374902207
128.322449557
128.267763064
128.20857734
128.147403529
128.081424075
128.01370937
127.945442502
127.873039621
127.799318498
127.722135028
127.643522966
127.564782385
127.48326122
127.399800833
127.316244714
127.230876342
127.143508162
127.056041916
126.967371696
126.876887186
126.786117789
126.694941035
126.601374154
126.507787892
126.414031079
126.319543812
126.223381404
126.12717993
126.030857135
125.933640198
125.835393456
125.737092322
125.638709849
125.539162622
125.438874688
125.338575387
125.238382945
125.138055291
125.037730487
124.935722489
124.833546277
124.731467602
124.629443252
124.527354358
124.424868215
124.321463981
124.218044262
124.114713008
124.011400507
123.908101619
123.804065679
123.699689092
123.595379918
123.491172282
123.386953211
123.282760358
123.177589043
123.072399597
122.967300205
122.862291006
122.757283914
122.652379349
122.547550792
122.442319928
122.336614826
122.230968767
122.125363506
122.019859335
121.914456719
121.809095176
121.70379304
121.597925173
121.492013486
121.386138046
121.280341714
121.174643921
121.069048936
120.963470186
120.857847621
120.751823765
120.645883021
120.539995139
120.434205206
120.328509359
120.222888091
120.117335809
120.011491391
119.905498011
119.799571241
119.693721928
119.58797082
119.48231742
119.376725535
119.271219679
119.1658113
119.060506324
118.955251633
118.849963726
118.744338697
118.638801429
118.533335019
118.42796385
118.322689602
118.217488588
118.112371933
118.007352305
117.902429615
117.797522195
117.692340836
117.587223383
117.482202902
117.377279303
117.272452497
117.167722396
117.063065668
116.958498013
116.854024859
116.749646511
116.64534009
116.540858787
116.436310723
116.331859057
116.227500001
116.123209401
116.019014681
115.914903507
115.810843501
115.706819553
115.602708694
115.498331951
115.393456648
115.287865404
115.181689664
115.07553276
114.970303406
114.866595362
114.764533542
114.66359107
114.56287709
114.461695587
114.359760889
114.257264366
114.154440876
114.051506287
113.948580441
113.845712462
113.742912789
113.640198907
113.537579675
113.435055006
113.332615933
113.230261425
113.127756528
113.025272991
112.92288387
112.820585977
112.718369892
112.616247977
112.514220144
112.412286307
112.31044638
112.208682864
112.107012122
112.005435047
111.903951552
111.802561551
111.701250539
111.600029897
111.498901798
111.397844406
111.296873102
111.195822719
111.094636886
110.993359123
110.891661511
110.788978207
110.684527021
110.577746173
110.469114174
110.360624442
110.255242115
110.155250362
110.060553714
109.968781517
109.876980539
109.783223331
109.687144218
109.589332373
109.490585627
109.39145598
109.292238285
109.193027458
109.093876409
108.994808725
108.895748189
108.796614947
108.69757301
108.598622294
108.499759108
108.40097627
108.302284414
108.203683456
108.105173313
108.006750134
107.908411804
107.810164046
107.712006777
107.613939914
107.515963373
107.418074697
107.32026725
107.222549886
107.124922522
107.027361936
106.929855139
106.832355123
106.734745187
106.636929467
106.538849857
106.440644884
106.342669974
106.245359213
106.148815811
106.052982647
105.957471136
105.861889631
105.766041234
105.669962208
105.573767101
105.477553104
105.38137775
105.285285301
105.189266471
105.09333607
104.997492425
104.901730469
104.806056707
104.710471057
104.614973438
104.519563768
104.424241967
104.329007955
104.233861284
104.138797411
104.043821088
103.948932234
103.85413077
103.759416614
103.664789687
103.570249907
103.475797196
103.381303539
103.286885827
103.192555066
103.098311175
103.004154075
102.910083687
102.816099929
102.722202723
102.628390797
102.534660935
102.44101739
102.347460084
102.253988936
102.160603867
102.067304798
101.974086641
101.880953694
101.787906516
101.694945026
101.602068661
101.509266771
101.416550344
101.323909593
101.231340156
101.138802578
101.046218111
100.953386902
100.859955063
100.765485456
100.669858126
100.573709665
100.478462003
100.385673429
100.295829128
100.208056437
100.120695971
100.032508876
99.9431371868
99.8528434609
99.7619729217
99.6709369333
99.579888542
99.4888872571
99.3979563508
99.30710255
99.2163312048
99.1256361467
99.0350246089
98.9444965146
98.8540517869
98.7636859533
98.6734012609
98.5831997109
98.4930812267
98.4030457319
98.3130931499
98.2232234045
98.1334355089
98.0437279726
97.9541031837
97.8645609618
97.7751011987
97.6857238183
97.5964287448
97.5072159024
97.4180852155
97.3290366083
97.2400681418
97.1511802447
97.0623742037
96.9736499435
96.8850073889
96.7964464644
96.7079670951
96.6195692059
96.5312527216
96.4430175674
96.3548636684
96.2667902568
96.1787950373
96.0908808519
96.0030476262
95.9152958223
95.8276248455
95.7400346044
95.6525250247
95.565096032
95.4777475522
95.3904795111
95.3032918347
95.2161656058
95.1291099559
95.0421344745
94.9552390876
94.8684237215
94.7816883026
94.6950327572
94.6084570541
94.5219610905
94.43554478
94.3492080493
94.2629499347
94.1767696292
94.090668686
94.0046470322
93.9187045947
93.8328413006
93.747057077
93.6613518512
93.5757233102
93.4901729801
93.4047014322
93.3193088199
93.2339950256
93.1487597957
93.0636030581
92.9785247404
92.8935247704
92.808603076
92.7237595851
92.638994038
92.5543032958
92.4696905444
92.3851557121
92.3006987269
92.2163195174
92.1320180118
92.0477937811
91.9636464407
91.8795765907
91.7955841599
91.7116690769
91.627830188
91.5440678999
91.4603827476
91.3767746602
91.2932435668
91.2097893964
91.1264120782
91.0431140364
90.9598873147
90.8767372357
90.7936637288
90.7106667237
90.6277410299
90.5448914525
90.4621181705
90.3794200903
90.296796834
90.2142496646
90.1317785497
90.0493834108
89.9670641489
89.884820694
89.8026529763
89.7205578976
89.6385379159
89.5565934656
89.4747439009
89.393028187
89.3113877265
89.2298219975
89.1483284637
89.0669098421
88.9855662002
88.9042974692
88.8231035799
88.7419844636
88.6609400514
88.5799702745
88.4990721184
88.4182475915
88.3374974974
88.256822392
88.1762218195
88.0956954736
88.015243286
87.9348614068
87.8545519692
87.77431649
87.69415476
87.6140660301
87.5340510554
87.454109768
87.3742398015
87.2944423251
87.2147183356
87.1350677654
87.0554905468
86.9759847993
86.8965486273
86.8171845813
86.7379935474
86.6588908965
86.579857841
86.500897572
86.4219840879
86.3430906519
86.2641361273
86.1849534503
86.1053833121
86.0254438909
85.9455477616
85.8663528587
85.7883409733
85.7113275743
85.6346576141
85.5577843815
85.4804834896
85.4028693819
85.3251156291
85.2473432762
85.1696219349
85.0919570967
85.014431465
84.9370479831
84.8597357744
84.7824947734
84.7053226433
84.628214521
84.5511773417
84.4742110538
84.3973156547
84.3204854012
84.2437219959
84.1670292923
84.0904072251
84.0138557295
83.937365549
83.8609454389
83.7845955989
83.7083375235
83.6322841048
83.5563007407
83.4803873669
83.4045397177
83.3287543749
83.2530389844
83.1773933368
83.1018105762
83.026291522
82.9508423374
82.8754632815
82.8002818814
82.7252119279
82.6502113063
82.5752798727
82.5004015557
82.4255910133
82.3508486247
82.2761727171
82.2015499989
82.1269960361
82.0525061967
81.9781415805
81.9039907188
81.8298977987
81.7558633982
81.6818972103
81.6079861981
81.5341335622
81.4603481745
81.386775901
81.313327269
81.2399467199
81.1666071559
81.0933310003
81.020122742
80.9469474394
80.8738704017
80.8010851017
80.7283344297
80.6556507201
80.5830192624
80.5104282471
80.4378927237
80.3656567836
80.2934777588
80.2213298084
80.1492398824
80.0772757901
80.0055689055
79.9338759991
79.8622442361
79.7906174831
79.7190543028
79.6478623283
79.5767254395
79.5055870235
79.4344347673
79.3633236253
79.2925364146
79.2215874077
79.1501930686
79.0777092401
79.0017811011
78.919414114
78.8293452606
78.7367517209
78.6515546978
78.5830131094
78.5305272153
78.4837302513
78.432841184
78.3745203879
78.3100192651
78.2424078819
78.1738326772
78.1047198485
78.0357216262
77.966437296
77.8973699745
77.8279320832
77.7585513533
77.6888724834
77.6189214045
77.5486743994
77.4778521213
77.4065198502
77.3342702264
77.2609234454
77.1860175644
77.1093614293
77.0300977292
76.9474850722
76.8602868352
76.7668074382
76.6647187972
76.5506355021
76.4187940824
76.26012883
76.0593992071
75.787876518
75.3757251689
74.6325408765
72.9900953109
69.058132259
60.9182982457
48.8646397186
36.9217596299
28.6775226597
24.7431628542
24.6698267953
28.3737784871
36.1362432325
47.2026168113
58.215432605
65.6912157343
69.4617319658
71.1744584688
72.0204113606
72.5081706665
72.8234448838
73.0366975355
73.1852922276
73.2890100482
73.3589097159
73.4048912886
73.4332981979
73.446438824
73.4482759965
73.4406124817
73.4248715251
73.4026186131
73.374777569
73.3434981291
73.308854064
73.2712263701
73.2319935655
73.1888056034
73.1444243034
73.0970650533
73.0492016793
72.9988963299
72.9480234936
72.8954732516
72.8422626509
72.7877329127
72.7330630954
72.6772214846
72.6208610194
72.5642225424
72.5065369966
72.4487835155
72.3902507406
72.331258987
72.2722396451
72.2131872668
72.1532679243
72.0931303323
72.0329944416
71.9728490978
71.9118019363
71.8507600464
71.7897417361
71.7287261402
71.6677189911
71.6059843813
71.5442583996
71.4825659264
71.4208996731
71.3592444306
71.2971538115
71.2350832242
71.1730519605
71.1107165423
71.0483239268
70.9859460809
70.9236238471
70.8613434548
70.7990978497
70.736830412
70.6742037724
70.6116384538
70.5491180755
70.4866374958
70.424214025
70.3618250674
70.2992571615
70.2366132038
70.1740163154
70.1114761518
70.0489728927
69.9865251765
69.9241341806
69.8617026481
69.7990934548
69.7365424976
69.6740412156
69.6115873846
69.549189299
69.4868427548
69.4245416352
69.3622978024
69.3000374189
69.2375885028
69.1751110682
69.1124310872
69.0491938409
68.9850108262
68.9200515598
68.8554772062
68.7928439634
68.73258251
68.6735081167
68.6141143495
68.553704172
68.4923163726
68.4305843317
68.3687586509
68.3069487821
68.2451825849
68.183463047
68.1218003769
68.0601913765
67.9986325835
67.9371294813
67.875681146
67.8142848091
67.7529450415
67.6916395539
67.6302444855
67.5689000035
67.5076098852
67.4463749163
67.3851943226
67.3240665305
67.2629950496
67.2019800385
67.1410152122
67.0801065468
67.0192539908
66.9584574924
66.8977175237
66.837028059
66.7763945016
66.7157075985
66.6550639093
66.5944750981
66.5339420954
66.4734648496
66.413039841
66.3526702854
66.2923563361
66.232097368
66.1718902431
66.1117385749
66.0516423123
65.9915996756
65.9316089899
65.8716735614
65.8117933393
65.751966057
65.6921921253
65.6324732512
65.572809384
65.5131974173
65.4536383421
65.3941341265
65.3346849759
65.2752891423
65.2159439859
65.1566534919
65.0974161164
65.0382297303
64.9790963887
64.9200173703
64.8609927551
64.8020165118
64.7430949971
64.6842260319
64.6254045252
64.5666376967
64.5079223043
64.4492570526
64.3906455519
64.3320791975
64.2735673674
64.2151065322
64.1566907735
64.0983287528
64.0400119248
63.9817973107
63.9237395293
63.8657309609
63.8077665439
63.7498464546
63.691971711
63.6341365232
63.5763429838
63.5185917178
63.460878541
63.4034416667
63.3460389122
63.2886634656
63.2313130518
63.1739831094
63.1167742395
63.0598211561
63.0028623624
62.9458906573
62.8888827521
62.8322558673
62.7756618616
62.7189511864
62.6623425579
62.6059976829
62.5493259514
62.4928807271
62.4359964843
62.3790037524
62.3209921724
62.2607023887
62.1920722532
62.0872620722
61.8421229416
61.1859907442
59.7458634083
57.539587291
55.4367753809
54.6346150143
55.5962063423
57.6453244354
59.5769269384
60.7107204575
61.1566643364
61.2707100682
61.2733531442
61.24386374
61.2040058593
61.1595083995
61.1121215305
61.0628026949
61.012343283
60.9610813661
60.9089470627
60.856442455
60.8033351483
60.7501195546
60.6966345498
60.6427791278
60.5889038645
60.5350143163
60.4811196457
60.4268738324
60.3725732393
60.3182731451
60.2639551043
60.209572348
60.1551421446
60.1007612904
60.0463753126
59.9920777715
59.9377346188
59.882718155
59.8256276797
59.7642791607
59.697983973
59.6313132963
59.5726203574
59.5256130969
59.4848479611
59.4419851184
59.393990879
59.342292873
59.2890229501
59.235313044
59.1815288785
59.1277545088
59.0740159573
59.0203182606
58.9666600738
58.9130479043
58.8594813285
58.8059586364
58.7524852431
58.6990582024
58.6456777184
58.592344902
58.5390238467
58.4857259864
58.4324748571
58.3792715275
58.3261171995
58.2730078864
58.2199482239
58.1669374308
58.1139736223
58.0610565272
58.00818817
57.9553671962
57.9025928373
57.8498670847
57.7971898938
57.7445612198
57.6919799027
57.639444163
57.5869568098
57.5345177986
57.482124369
57.4297784732
57.3774805057
57.3252290253
57.2730229959
57.2208650491
57.1687541434
57.1166873639
57.0646680225
57.0126943435
56.9607639339
56.9088804533
56.8570383041
56.8052384854
56.7534812707
56.7017624496
56.6500803912
56.598431474
56.5468095881
56.4952026565
56.4435995049
56.39196596
56.3402277656
56.2880782574
56.234133225
56.1729516521
56.0903193235
55.9672153142
55.8086944676
55.6700531515
55.6188596644
55.6556742521
55.7126845149
55.7341319947
55.7150532851
55.6743295859
55.6264118606
55.5767109451
55.526616021
55.4764090077
55.4261772921
55.3759417488
55.3257262648
55.2755351696
55.22537501
55.1752510095
55.1251647704
55.0751174241
55.0251119232
54.9751466707
54.9252246272
54.8753440604
54.8255823832
54.7758848083
54.7262279522
54.676616842
54.6270482911
54.5775226113
54.5280425564
54.4786063907
54.4292122763
54.3798636655
54.3305576746
54.2812939135
54.2320755357
54.1829375541
54.1339195519
54.0849433162
54.0360022388
53.9870884773
53.9381445072
53.8889527875
53.8388064922
53.7865025224
53.7317139464
53.6771588393
53.6273428706
53.5834123026
53.5416265211
53.4979981309
53.4518264893
53.4042597072
53.3562475084
53.3081576183
53.2600806243
53.2120339812
53.1640295322
53.1161391215
53.0683407859
53.0205838649
52.972862698
52.9251855182
52.8775478414
52.8299489297
52.7824916117
52.7351027192
52.6877550289
52.6404509917
52.5931808229
52.5459518147
52.498832433
52.4518272372
52.4048642289
52.3579439371
52.3110524755
52.2642042579
52.2174270201
52.1708276938
52.1242713601
52.0777430962
52.0312560436
51.9848009646
51.9384035843
51.8922047173
51.8460342386
51.7999040411
51.7537955385
51.7078360199
51.6619677915
51.6161376608
51.5703277733
51.5246525856
51.4790824161
51.433550341
51.38802398
51.3426645776
51.2973523465
51.251872721
51.2057645933
51.1584389085
51.1098570193
51.0618593955
51.0169974789
50.9754780325
50.9344693074
50.8920348359
50.8484017717
50.8041850298
50.7599216176
50.7156596935
50.6713647705
50.6272456515
50.5831105032
50.5390546762
50.4950149271
50.450988566
50.4070280805
50.3629759621
50.3189945792
50.2748984427
50.2307192563
50.1864285333
50.1419623283
50.0972565451
