70470.9720332
70407.6890906
70344.4639961
70281.2966971
70218.1871408
70155.1352746
70092.1410459
70029.2044021
69966.3252908
69902.8050295
69839.1474242
69775.5481711
69712.0072167
69648.5245077
69585.0999906
69521.733612
69458.4253188
69395.1750577
69331.9827754
69268.8484189
69205.7719351
69142.7532709
69079.7923734
69016.8891896
68954.0436665
68891.2557515
68828.5253916
68765.8525341
68703.2371264
68640.6791157
68578.1784495
68515.7350752
68453.3489403
68391.0199924
68328.748179
68266.5334479
68204.3757462
68142.2750199
68080.2312168
68018.2442848
67956.3141716
67894.4408252
67832.6241937
67770.864225
67709.1608672
67647.5140685
67585.923777
67524.3899409
67462.9125084
67401.491428
67340.126648
67278.8181167
67217.5657824
67156.3695937
67095.228136
67034.1349188
66973.0977116
66912.1164631
66851.191122
66790.321637
66729.507957
66668.7500307
66608.0477996
66547.4012133
66486.8102275
66426.2747915
66365.7948543
66305.370365
66245.0012727
66184.6875268
66124.4282354
66064.2241433
66004.0752473
65943.9814968
65883.9428412
65823.95923
65764.0306129
65704.1569393
65644.3381589
65584.5742214
65524.8650765
65465.2106741
65405.6109638
65346.0658957
65286.5754196
65227.1394854
65167.7580433
65108.4310431
65049.1584351
64989.9401694
64930.7761962
64871.6664656
64812.6109281
64753.6095338
64694.6622332
64635.7689768
64576.9297149
64518.144398
64459.4129768
64400.7354019
64342.1116238
64283.5415932
64225.025261
64166.5625778
64108.1534946
64049.7979621
63991.4959313
63933.2473532
63875.0521787
63816.910359
63758.821845
63700.786588
63642.8045391
63584.8756496
63526.9998707
63469.1771538
63411.4074501
63353.6907113
63296.0268885
63238.4159335
63180.8577977
63123.3524327
63065.8997901
63008.4998216
62951.152479
62893.857714
62836.6154783
62779.425724
62722.2884027
62665.2034666
62608.1708675
62551.1905575
62494.2624887
62437.3866132
62380.5628832
62323.7912508
62267.0716682
62210.4040879
62153.7884621
62097.2247432
62040.7128837
61984.2528359
61927.8445524
61871.4879839
61815.1830822
61758.9298
61702.7280898
61646.5779046
61590.479197
61534.4319198
61478.436026
61422.4914682
61366.5981994
61310.7561727
61254.9653409
61199.2256573
61143.5370749
61087.8995469
61032.3130266
60976.7774671
60921.2928218
60865.8512936
60810.4573087
60755.1141207
60699.8216829
60644.5799488
60589.3888719
60534.2484059
60479.1584498
60424.1182689
60369.1285613
60314.1892808
60259.3003811
60204.461816
60149.6735395
60094.9355054
60040.2476676
59985.6099801
59931.022397
59876.4848723
59821.9973601
59767.5598146
59713.1721899
59658.8344403
59604.5465201
59550.3083836
59496.1199852
59441.9812792
59387.8922201
59333.8527624
59279.8628605
59225.9224692
59172.0315429
59118.1900364
59064.3979043
59010.6551014
58956.9615824
58903.3173022
58849.7222156
58796.1762776
58742.679443
58689.2316668
58635.8329041
58582.48311
58529.1822395
58475.9302478
58422.72709
58369.5727215
58316.4670975
58263.4101733
58210.4019042
58157.4422457
58104.5311531
58051.6685821
57998.854488
57946.0888264
57893.371553
57840.7026233
57788.0819931
57735.5096181
57682.985454
57630.5094566
57578.0815819
57525.7017855
57473.3700236
57421.0862521
57368.8504268
57316.662504
57264.5224397
57212.43019
57160.385711
57108.3889591
57056.4398903
57004.5384611
56952.6846277
56900.8783466
56849.119574
56797.4082665
56745.7443805
56694.1278726
56642.5586993
56591.0368173
56539.5621831
56488.1347535
56436.7544852
56385.4213349
56334.1352595
56282.8962158
56231.7041607
56180.5590504
56129.4608401
56078.4094866
56027.4049471
55976.4471786
55925.5361383
55874.6717833
55823.8540708
55773.082958
55722.358402
55671.6803603
55621.0487901
55570.4636489
55519.9248941
55469.4324832
55418.9863738
55368.5865232
55318.2328893
55267.9228316
55217.6507814
55167.4248426
55117.2449729
55067.1111302
55017.0232721
54966.9813566
54916.9853414
54867.0347083
54817.1295997
54767.2702669
54717.456668
54667.688761
54617.966504
54568.2898551
54518.6587726
54469.0732147
54419.5331395
54370.0385055
54320.5892709
54271.1853941
54221.8268335
54172.5135476
54123.2454949
54074.0226338
54024.8449229
53975.7123209
53926.6247863
53877.5822779
53828.5847544
53779.6321745
53730.7244969
53681.8616806
53633.0436844
53584.2704671
53535.5419879
53486.8582055
53438.219079
53389.6245675
53341.0746301
53292.5692259
53244.108314
53195.6918537
53147.3198042
53098.9921248
53050.7087748
53002.4697136
52954.2749005
52906.1242949
52858.0178564
52809.9555444
52761.9373185
52713.9631382
52666.0329632
52618.1467531
52570.3044675
52522.5060663
52474.7515092
52427.040756
52379.3737665
52331.7505005
52284.170918
52236.634979
52189.1426434
52141.6938712
52094.2886225
52046.9268574
51999.608536
51952.3336185
51905.102065
51857.9138359
51810.7688913
51763.6671917
51716.6086973
51669.5933685
51622.6211658
51575.6920495
51528.8059803
51481.9629186
51435.1628249
51388.40566
51341.6913844
51295.0199587
51248.3913438
51201.8055003
51155.2623891
51108.7619709
51062.3042067
51015.8890572
50969.5164826
50923.1864436
50876.8989013
50830.6538166
50784.4511507
50738.2908646
50692.1729196
50646.0972767
50600.0638972
50554.0727423
50508.1237733
50462.2169516
50416.3522384
50370.5295953
50324.7489836
50279.0103646
50233.3136998
50187.6589508
50142.0426236
50096.4672565
50050.9336987
50005.441912
49959.991858
49914.5834985
49869.2167951
49823.8917098
49778.6082043
49733.3662405
49688.1657804
49643.0067859
49597.8892188
49552.8130414
49507.7782155
49462.7842794
49417.8313202
49372.9196005
49328.0490824
49283.2197281
49238.4314998
49193.68436
49148.9782708
49104.3131946
49059.6890938
49015.1059309
48970.5636683
48926.0622685
48881.601694
48837.1819074
48792.8028713
48748.4645483
48704.1669011
48659.9098923
48615.6934848
48571.5176413
48527.3823245
48483.2874974
48439.2331227
48395.2191635
48351.2455826
48307.312343
48263.4194077
48219.5667397
48175.7543022
48131.9820582
48088.2499709
48044.5580035
48000.9061191
47957.294281
47913.7224525
47870.1905969
47826.6986775
47783.2466578
47739.8345011
47696.4621708
47653.1296305
47609.8368437
47566.5837738
47523.3703846
47480.1966396
47437.0625024
47393.9679367
47350.9129063
47307.8973748
47264.9213061
47221.984664
47179.0874123
47136.229515
47093.4109358
47050.6316388
47007.8915879
46965.1907471
46922.5290806
46879.9065523
46837.3231264
46794.778767
46752.2734383
46709.8071045
46667.3797298
46624.9912786
46582.6417151
46540.3310036
46498.0591086
46455.8259944
46413.6316255
46371.4759663
46329.3589814
46287.2806347
46245.2408895
46203.2397105
46161.2770623
46119.3529095
46077.4672169
46035.6199493
45993.8110713
45952.0405478
45910.3083436
45868.6144236
45826.9587526
45785.3412957
45743.7620177
45702.2208837
45660.7178586
45619.2529075
45577.8259953
45536.4345607
45495.0761356
45453.7556601
45412.4730995
45371.2284189
45330.0215837
45288.852559
45247.7213103
45206.6278029
45165.5720021
45124.5538734
45083.5733822
45042.630494
45001.7251744
44960.8573888
44920.0270202
44879.2335509
44838.4775138
44797.7588746
44757.0775989
44716.4336526
44675.8270013
44635.2576109
44594.7254376
44554.2304474
44513.7726158
44473.3519085
44432.9682915
44392.6217309
44352.3121926
44312.0396427
44271.8040473
44231.6053724
44191.4435842
44151.3186489
44111.2305327
44071.1792018
44031.1646224
43991.1867609
43951.2455836
43911.3410568
43871.473147
43831.6418205
43791.8470437
43752.0887833
43712.3670056
43672.6816772
43633.0327647
43593.4202347
43553.8440538
43514.3041887
43474.8006061
43435.3332727
43395.9021552
43356.5072204
43317.1484352
43277.8257664
43238.5391809
43199.2886455
43160.0741273
43120.8955931
43081.75301
43042.646345
43003.5755652
42964.5406376
42925.5415294
42886.5782078
42847.6506398
42808.7587927
42769.9026338
42731.0821302
42692.2972494
42653.5479586
42614.8342253
42576.1560167
42537.5133003
42498.9060436
42460.334214
42421.797779
42383.2967062
42344.8309632
42306.4005175
42268.0053368
42229.6453887
42191.3206409
42153.0310611
42114.7766171
42076.5572767
42038.3730076
42000.2237767
41962.1095517
41924.0303005
41885.985991
41847.9765912
41810.002069
41772.0623925
41734.1575297
41696.2874488
41658.4521177
41620.6515047
41582.8855778
41545.1543053
41507.4576555
41469.7955964
41432.1680966
41394.5751241
41357.0166474
41319.4883377
41281.9939236
41244.5339204
41207.1082963
41169.7170198
41132.3600594
41095.0373835
41057.7489608
41020.4947597
40983.2747489
40946.088897
40908.9371726
40871.8195445
40834.7359813
40797.6864518
40760.6709246
40723.6893687
40686.7417527
40649.8280456
40612.9482163
40576.1022336
40539.2900664
40502.5116606
40465.7665135
40429.05509
40392.3773592
40355.73329
40319.1228252
40282.5458591
40246.002361
40209.492299
40173.0156422
40136.5723617
40100.1624272
40063.7858081
40027.4424739
39991.1323943
39954.8555388
39918.6118771
39882.4013789
39846.2240138
39810.0797516
39773.968562
39737.8904147
39701.8452797
39665.8336329
39629.8563985
39593.9121836
39558.0009581
39522.1226915
39486.2773538
39450.4649146
39414.6853439
39378.9386114
39343.2246871
39307.5435408
39271.8951425
39236.2794621
39200.6964697
39165.1461353
39129.6284289
39094.1433205
39058.6907803
39023.2707785
38987.883285
38952.5282703
38917.2057043
38881.9155575
38846.6578
38811.4324022
38776.2393343
38741.0785667
38705.9500699
38670.8538141
38635.7897698
38600.7579074
38565.7581976
38530.7906106
38495.8551171
38460.9516874
38426.0802923
38391.2409023
38356.4334882
38321.6580204
38286.9144698
38252.2028071
38217.5230031
38182.8750284
38148.2588536
38113.6744488
38079.1217851
38044.6008332
38010.1115641
37975.6539487
37941.227958
37906.833519
37872.4701732
37838.1383662
37803.8380691
37769.569253
37735.331889
37701.1259483
37666.951402
37632.8082213
37598.6963775
37564.6158419
37530.5649083
37496.5429914
37462.5523045
37428.5928189
37394.664506
37360.7673371
37326.9012836
37293.0663171
37259.2624089
37225.4895306
37191.7476537
37158.0367496
37124.3567901
37090.7077466
37057.0895908
37023.5022944
36989.945829
36956.4201663
36922.9252781
36889.4611361
36856.027681
36822.624835
36789.25257
36755.9108582
36722.5996716
36689.3189823
36656.0687625
36622.8489841
36589.6596196
36556.5006409
36523.3720204
36490.2737303
36457.2057429
36424.1680304
36391.1605653
36358.1833198
36325.2362663
36292.3193772
36259.3026336
36226.1078093
36192.9434475
36159.8095202
36126.7059994
36093.6328574
36060.5900661
36027.5775977
35994.5954245
35961.6435186
35928.7218522
35895.8303976
35862.9691271
35830.1380129
35797.3370274
35764.566143
35731.825332
35699.1145669
35666.43382
35633.7830638
35601.1622707
35568.5714134
35536.0104643
35503.479396
35470.978181
35438.506792
35406.0652016
35373.6533824
35341.2713072
35308.9189486
35276.5962793
35244.3032722
35212.0399
35179.8061354
35147.6019514
35115.4273208
35083.2822165
35051.1666112
35019.0804779
34987.0237895
34954.996519
34922.9986395
34891.0301238
34859.0909452
34827.1810766
34795.3004912
34763.4491621
34731.6270624
34699.8341654
34668.0704442
34636.335872
34604.6304217
34572.9540664
34541.3067794
34509.6885341
34478.0989134
34446.5380919
34415.0062333
34383.5033112
34352.0292989
34320.58417
34289.1678978
34257.7804561
34226.4218182
34195.0919578
34163.7908485
34132.5184638
34101.2747775
34070.0597631
34038.8711637
34007.7111409
33976.579716
33945.4768625
33914.4025545
33883.3567655
33852.3394695
33821.3506403
33790.3902519
33759.458278
33728.5546926
33697.6794696
33666.8325832
33636.0140071
33605.2237154
33574.4616823
33543.7278817
33513.0222877
33482.3448745
33451.6956162
33421.0744869
33390.4814609
33359.9165123
33329.3796154
33298.8707444
33268.3898737
33237.9369775
33207.5120301
33177.1150059
33146.7458792
33116.4046246
33086.0912163
33055.8056288
33025.5478367
32995.3178143
32965.1155362
32934.940977
32904.7941112
32874.6749134
32844.5833581
32814.5194201
32784.483074
32754.4742944
32724.4930561
32694.5393338
32664.6131016
32634.7143336
32604.8430059
32574.9990934
32545.1825708
32515.393413
32485.631595
32455.8970915
32426.1898776
32396.5099282
32366.8572183
32337.2317229
32307.633417
32278.0622756
32248.5182739
32219.0013867
32189.5115892
32160.0488565
32130.6131639
32101.2044864
32071.8227993
32042.4680779
32013.1402973
31983.8394329
31954.56546
31925.3183538
31896.0980897
31866.9046432
31837.7379894
31808.598104
31779.4849623
31750.3985398
31721.3385708
31692.3049484
31663.2979728
31634.3176196
31605.3638644
31576.4366827
31547.5360501
31518.6619424
31489.814335
31460.9932039
31432.1985245
31403.4302723
31374.6884226
31345.9729513
31317.2838341
31288.6210469
31259.9845654
31231.3743656
31202.7904233
31174.2327144
31145.7012149
31117.1959007
31088.7167477
31060.263732
31031.8368296
31003.4360164
30975.0612687
30946.7125624
30918.3898736
30890.0915684
30861.817761
30833.5699058
30805.3479792
30777.1519573
30748.9818162
30720.8375324
30692.719082
30664.6264413
30636.5595867
30608.5184944
30580.5031408
30552.5135023
30524.5495554
30496.6112763
30468.6986416
30440.8116277
30412.9502111
30385.1143684
30357.3040759
30329.5193103
30301.7600482
30274.0262661
30246.3179407
30218.6350486
30190.9775664
30163.3454709
30135.7387386
30108.1573464
30080.601271
30053.0704892
30025.5649776
29998.0847133
29970.6296728
29943.1998332
29915.7951713
29888.415664
29861.061288
29833.7320203
29806.4278378
29779.1487175
29751.8946363
29724.6655714
29697.4614998
29670.2823984
29643.1282445
29615.999015
29588.8946871
29561.815238
29534.7606449
29507.7308848
29480.7259351
29453.7457729
29426.790395
29399.8598124
29372.953357
29346.071461
29319.2142404
29292.3816725
29265.5737346
29238.7904042
29212.0316587
29185.2974755
29158.5878321
29131.9027059
29105.2420744
29078.6059152
29051.9942058
29025.4069238
28998.8440467
28972.3055521
28945.7914176
28919.301621
28892.8361398
28866.3949517
28839.9780345
28813.5853658
28787.2169234
28760.8726851
28734.5526287
28708.2567318
28681.9849725
28655.7373285
28629.5137776
28603.3142979
28577.1388671
28550.9874632
28524.8600641
28498.7566478
28472.6771912
28446.6216723
28420.5900692
28394.5823598
28368.5985224
28342.6385349
28316.7023755
28290.7900222
28264.9014534
28239.036647
28213.1955814
28187.3782347
28161.5845852
28135.8146111
28110.0682907
28084.3456022
28058.646524
28032.9707247
28007.3141703
27981.6811707
27956.0717043
27930.4857495
27904.9232848
27879.3842886
27853.8687392
27828.3766153
27802.9078952
27777.4625576
27752.0405809
27726.6419437
27701.2666246
27675.9146021
27650.5858549
27625.2803616
27599.9981009
27574.7390514
27549.5031918
27524.2905008
27499.1009573
27473.9345398
27448.7912272
27423.6709983
27398.5738318
27373.4997067
27348.4486017
27323.4204958
27298.4153677
27273.4331963
27248.4739605
27223.5376392
27198.6242114
27173.7336561
27148.8659522
27124.0210788
27099.1990149
27074.3997396
27049.623232
27024.8694712
27000.1384362
26975.4301063
26950.7444606
26926.0814782
26901.4411384
26876.8234203
26852.2283032
26827.6551097
26803.1044307
26778.576292
26754.0706729
26729.5875526
26705.1269106
26680.6887262
26656.2729787
26631.8796476
26607.5087123
26583.1601523
26558.8339469
26534.5300757
26510.2485185
26485.9892552
26461.7522646
26437.5375263
26413.3450199
26389.1747248
26365.0266208
26340.9006875
26316.7969045
26292.7152514
26268.655708
26244.6182538
26220.6028687
26196.6095323
26172.6382242
26148.6889244
26124.7616125
26100.8562683
26076.9728716
26053.1114022
26029.27184
26005.4541648
25981.6583565
25957.884395
25934.1322602
25910.4019321
25886.6933905
25863.0066155
25839.3415005
25815.697972
25792.07601
25768.4755952
25744.8967077
25721.339328
25697.8034366
25674.2890138
25650.7960401
25627.3244959
25603.8743616
25580.4456178
25557.0382448
25533.6522233
25510.2875338
25486.9441569
25463.6220731
25440.3212632
25417.0425175
25393.7855978
25370.5500316
25347.3357994
25324.1428816
25300.9712586
25277.8209108
25254.6918187
25231.5839629
25208.4969833
25185.4308945
25162.3859848
25139.3622348
25116.3596249
25093.378136
25070.4177484
25047.4784428
25024.5602
25001.6630005
24978.7868251
24955.9316543
24933.0974691
24910.28425
24887.4919778
24864.7206333
24841.9701973
24819.2406506
24796.531974
24773.8441483
24751.1771544
24728.5309732
24705.9055856
24683.3009724
24660.7171147
24638.1539932
24615.6115891
24593.0898833
24570.5888567
24548.1084905
24525.6487655
24503.209663
24480.7911638
24458.3932492
24436.0159002
24413.659098
24391.3228236
24369.0070583
24346.7117831
24324.4369794
24302.1826282
24279.9487108
24257.7352085
24235.5421024
24213.3693747
24191.2170073
24169.08498
24146.9732741
24124.8818708
24102.8107515
24080.7598977
24058.7292906
24036.7189118
24014.7287427
23992.7587646
23970.8089592
23948.8793077
23926.9697918
23905.0803931
23883.2110939
23861.3618749
23839.5322336
23817.7224246
23795.9326419
23774.1628672
23752.4130819
23730.6832678
23708.9734066
23687.2834799
23665.6134694
23643.9633568
23622.3331239
23600.7227524
23579.1322241
23557.5615208
23536.0106241
23514.4795161
23492.9681784
23471.476593
23450.0047416
23428.5526057
23407.1201673
23385.7074083
23364.3143105
23342.9408559
23321.5870265
23300.2528043
23278.9381713
23257.6431095
23236.3676009
23215.1116275
23193.8751715
23172.6582149
23151.4607398
23130.2827284
23109.1241627
23087.9850248
23066.8649781
23045.7626839
23024.6797679
23003.6162124
22982.5719996
22961.5471118
22940.5415311
22919.5552399
22898.5882205
22877.6404551
22856.7119261
22835.8026158
22814.9125066
22794.0415808
22773.1898208
22752.3572091
22731.543728
22710.7490202
22689.9729758
22669.2160108
22648.478108
22627.7592497
22607.0594184
22586.3785967
22565.7167672
22545.0739124
22524.4500148
22503.8450571
22483.2590218
22462.6918917
22442.1436492
22421.6142772
22401.1037582
22380.612075
22360.1392102
22339.6851466
22319.2498668
22298.8333538
22278.4355901
22258.0565587
22237.6962423
22217.3546237
22197.0316857
22176.7274112
22156.4417831
22136.1747843
22115.9263975
22095.6966058
22075.485392
22055.2927392
22035.1186302
22014.963048
21994.8259756
21974.7073966
21954.6072932
21934.5256486
21914.4624456
21894.4176674
21874.3912971
21854.3833178
21834.3937125
21814.4224645
21794.4695568
21774.5349726
21754.618695
21734.7207074
21714.8409928
21694.9795345
21675.1363157
21655.3113198
21635.5043177
21615.7148394
21595.9435357
21576.1903896
21556.4553846
21536.738504
21517.0397312
21497.3590495
21477.6964423
21458.051893
21438.4253851
21418.8169019
21399.2264269
21379.6539436
21360.0994355
21340.562886
21321.0442787
21301.543597
21282.0608246
21262.5959445
21243.1489402
21223.7197953
21204.3084934
21184.915018
21165.5393529
21146.1814816
21126.8413878
21107.5190553
21088.2144675
21068.9276081
21049.6584608
21030.4070093
21011.1732375
20991.957129
20972.7586676
20953.5778372
20934.4146216
20915.2672837
20896.1368236
20877.0239346
20857.9286007
20838.8508057
20819.7905334
20800.7477676
20781.7224923
20762.7146914
20743.7237964
20724.7500022
20705.793636
20686.8546817
20667.9331232
20649.0289446
20630.1421299
20611.272663
20592.4205279
20573.5857089
20554.7681897
20535.9678324
20517.1845586
20498.4183553
20479.669205
20460.9370919
20442.2220006
20423.5239156
20404.8428217
20386.1787032
20367.5315449
20348.901331
20330.2880464
20311.6916757
20293.1122035
20274.5496146
20256.0038935
20237.4750251
20218.9629941
20200.4701287
20181.9953851
20163.5376112
20145.0967914
20126.6729102
20108.265952
20089.8759013
20071.5027426
20053.1464602
20034.8064803
20016.4829284
19998.1762084
19979.8863049
19961.6132025
19943.3568857
19925.1173392
19906.8945474
19888.6884951
19870.4991668
19852.3265472
19834.1706209
19816.0313726
19797.908787
19779.8028488
19761.7135427
19743.6408534
19725.5847656
19707.5452642
19689.5223338
19671.5159591
19653.5261248
19635.5528157
19617.5960166
19599.6557124
19581.7318878
19563.8245279
19545.9336174
19528.0591413
19510.2010844
19492.3594317
19474.534168
19456.7252784
19438.9327479
19421.1565613
19403.3967036
19385.65316
19367.9259153
19350.2143332
19332.5185715
19314.839066
19297.1758018
19279.5287636
19261.8979356
19244.2833026
19226.6848509
19209.1025657
19191.5364321
19173.9864353
19156.4525605
19138.9347928
19121.4331172
19103.9475189
19086.4779832
19069.0244953
19051.5870404
19034.1656039
19016.760171
18999.3707271
18981.9967539
18964.6372668
18947.2937286
18929.9661247
18912.6544405
18895.3586613
18878.0787726
18860.8147596
18843.5666079
18826.3341134
18809.1164888
18791.9146841
18774.7286848
18757.5584764
18740.4040443
18723.265374
18706.1424512
18689.0352612
18671.9437897
18654.8680222
18637.8079443
18620.7635416
18603.7347994
18586.7217033
18569.7242388
18552.7423917
18535.7761475
18518.825492
18501.8904109
18484.9708897
18468.0669143
18451.1784703
18434.3055434
18417.4481195
18400.6061843
18383.7797235
18366.968723
18350.1731684
18333.3930457
18316.6283407
18299.8779613
18283.1426108
18266.4226384
18249.71803
18233.0287716
18216.3548534
18199.6962601
18183.0529745
18166.4249823
18149.8122696
18133.2148221
18116.6326259
18100.0656668
18083.5139303
18066.9774026
18050.4560696
18033.9499172
18017.4589315
18000.9830985
17984.5224042
17968.0768346
17951.6463759
17935.231014
17918.8307351
17902.4455252
17886.0753704
17869.7201182
17853.3796567
17837.0539727
17820.7430528
17804.4463369
17788.1632619
17771.8949144
17755.6412813
17739.4023493
17723.1781049
17706.9685348
17690.7736256
17674.5933643
17658.4277376
17642.2767322
17626.1403351
17610.0185331
17593.911313
17577.8213176
17561.7478908
17545.6892351
17529.6453367
17513.6161823
17497.6017578
17481.6020497
17465.6170439
17449.646727
17433.6902524
17417.7475876
17401.8195747
17385.9062002
17370.0074506
17354.1233118
17338.2537699
17322.3988127
17306.5584267
17290.7325987
17274.9213151
17259.1245627
17243.342328
17227.5745968
17211.8200301
17196.0789445
17180.3506768
17164.6368674
17148.937503
17133.2525705
17117.5820565
17101.9259477
17086.284231
17070.6568922
17055.0439175
17039.4452935
17023.8610072
17008.2910454
16992.7353948
16977.194041
16961.6666392
16946.1496228
16930.6468698
16915.1583662
16899.684099
16884.2240515
16868.7782103
16853.3465579
16837.9290805
16822.5257601
16807.1365796
16791.7577107
16776.3897421
16761.0358704
16745.6960757
16730.3703376
16715.0586328
16699.7550327
16684.4622231
16669.1834
16653.9099486
16638.6469454
16623.3978976
16608.1463809
16592.9077673
16577.6621108
16562.42765
16547.1839542
16531.9357008
16516.6820588
16501.4083217
16486.1179736
16470.8092223
16455.4802616
16440.1177409
16424.7244768
16409.308963
16393.86537
16378.3974829
16362.9162485
16347.433948
16331.957349
16316.4957093
16301.0832218
16285.7003278
16270.3991983
16255.1887302
16240.0738775
16225.0681668
16210.169373
16195.3897284
16180.7368101
16166.189742
16151.7392537
16137.3725302
16123.0787527
16108.8339572
16094.6222316
16080.4303373
16066.2506437
16052.0675668
16037.8691092
16023.6350152
16009.380032
15995.0922599
15980.7746938
15966.432407
15952.0595287
15937.6749579
15923.2584048
15908.8329642
15894.4004825
15879.951251
15865.5100266
15851.0574232
15836.6180478
15822.173939
15807.7391317
15793.3169122
15778.8974476
15764.4855094
15750.0841206
15735.6959585
15721.3210101
15706.9549173
15692.5985512
15678.2553782
15663.9253862
15649.608563
15635.3026713
15621.0057666
15606.7214951
15592.450358
15578.1923434
15563.9474392
15549.7156333
15535.4969213
15521.2912966
15507.0987335
15492.9192197
15478.7527433
15464.5944865
15450.4491489
15436.3168227
15422.1974959
15408.0911566
15393.9977927
15379.9173923
15365.8499433
15351.7954338
15337.7538518
15323.7251853
15309.7094224
15295.7065507
15281.7165579
15267.739432
15253.7721638
15239.8168495
15225.8743744
15211.9447266
15198.0278942
15184.1238654
15170.2326282
15156.354171
15142.4882448
15128.634709
15114.7935527
15100.9647565
15087.1483172
15073.3442235
15059.5524646
15045.7709396
15032.0001114
15018.2415927
15004.4953726
14990.76144
14977.0397842
14963.3303942
14949.6332591
14935.9483681
14922.2757103
14908.6152748
14894.9715946
14881.3428225
14867.7265923
14854.1228926
14840.5302872
14826.9476017
14813.3774201
14799.8197296
14786.2745093
14772.7417585
14759.2214658
14745.7136196
14732.2182086
14718.7352213
14705.2646463
14691.8064721
14678.3606873
14664.9272796
14651.5062374
14638.0968685
14624.695909
14611.30729
14597.9310001
14584.5670278
14571.2153618
14557.8759906
14544.5489028
14531.2340871
14517.9315315
14504.6412242
14491.3631523
14478.0973027
14464.8436674
14451.6022351
14438.3729945
14425.1513676
14411.9412351
14398.7428673
14385.5562537
14372.3813839
14359.2182465
14346.0668311
14332.9271274
14319.7991252
14306.6828139
14293.5781833
14280.482848
14267.3969346
14254.3226804
14241.2600751
14228.2091082
14215.1697687
14202.1420458
14189.1293696
14176.132756
14163.1475303
14150.1741997
14137.2122941
14124.2575823
14111.3148134
14098.3839763
14085.4650599
14072.5580527
14059.6629426
14046.7797186
14033.9083696
14021.0488847
14008.2012528
13995.3654671
13982.5371842
13969.7188798
13956.9123969
13944.1177246
13931.3346753
13918.5629733
13905.8026085
13893.0535709
13880.3158505
13867.5894375
13854.8743218
13842.1682062
13829.4684511
13816.7799781
13804.1027763
13791.4368257
13778.7821266
13766.138668
13753.5064399
13740.8854323
13728.2756353
13715.677039
13703.0930466
13690.5181638
13677.9539788
13665.4013949
13652.8604013
13640.330987
13627.8131386
13615.3068314
13602.812074
13590.3288392
13577.8571134
13565.396886
13552.9434894
13540.4960264
13528.0595774
13515.6341327
13503.2196828
13490.816218
13478.4237286
13466.0422051
13453.6716376
13441.3120151
13428.9633274
13416.62485
13404.2837901
13391.8813505
13379.4899138
13367.1094703
13354.7400098
13342.3815209
13330.0339939
13317.7020864
13305.3772449
13293.063808
13280.7617651
13268.4709952
13256.1910515
13243.9219238
13231.6635833
13219.4075194
13207.1610046
13194.9252882
13182.7003606
13170.4862124
13158.2828314
13146.0902083
13133.9053601
13121.7231243
13109.5516408
13097.390897
13085.2408361
13073.1014979
13060.9728711
13048.8570835
13036.7520214
13024.653874
13012.5669508
13000.4912412
12988.4265163
12976.3723811
12964.3288258
12952.2951318
12940.2582552
12928.2319605
12916.2162384
12904.2110799
12892.2164747
12880.232411
12868.2588796
12856.2881043
12844.3186838
12832.3599512
12820.4117439
12808.4739488
12796.5460455
12784.6280258
12772.7240058
12760.8204073
12748.9243417
12737.0387422
12725.1635997
12713.298905
12701.4446491
12689.6008223
12677.7627013
12665.9197827
12654.087303
12642.265253
12630.4536234
12618.6516602
12606.8487493
12595.0479788
12583.2673734
12571.4969949
12559.7368343
12547.986879
12536.2279745
12524.4762379
12512.7347246
12501.0035148
12489.2825635
12477.5683849
12465.8424365
12454.126713
12442.4205632
12430.7237536
12419.0359593
12407.3591103
12395.6771674
12384.0053426
12372.3436271
12360.6920124
12349.0504852
12337.394386
12325.7397599
12314.0948832
12302.4591879
12290.8326662
12279.2143592
12267.5675373
12255.9299434
12244.3015709
12232.6954236
12221.1028367
12209.5052231
12197.8879513
12186.2807845
12174.6825944
12163.0933175
12151.5128771
12139.9143462
12128.3087842
12116.7121932
12105.1307567
12093.5383159
12081.9487529
12070.3693154
12058.7988695
12047.1949261
12035.5997453
12024.0133219
12012.4236738
12000.8060406
11989.1972401
11977.5972667
11966.0043607
11954.3897877
11942.7835441
11931.186152
11919.5598141
11907.9180837
11896.2853095
11884.6610318
11872.9879001
11861.3094538
11849.6386797
11837.9858965
11826.2726226
11814.5682614
11802.872837
11791.1666782
11779.3938681
11767.6287375
11755.8713004
11744.0997694
11732.2726541
11720.4554468
11708.6458084
11696.778836
11684.8771025
11672.9821853
11661.0228658
11649.0659775
11637.1159787
11625.0660151
11613.0139735
11600.9629755
11588.7904578
11576.6248102
11564.4557946
11552.1793919
11539.9111425
11527.5906103
11515.1646673
11502.7462728
11490.2587399
11477.6826828
11465.115077
11452.4020934
11439.6176419
11426.8502856
11413.8945901
11400.8902119
11387.8938077
11374.6805515
11361.4632365
11348.0282797
11334.5696034
11320.9136258
11307.2085394
11293.2945934
11279.2803413
11265.1046493
11250.7037205
11236.1537005
11221.5389002
11206.604001
11191.4584285
11176.1536173
11160.465072
11144.6135688
11128.4509767
11111.9060986
11095.1846578
11077.9292548
11060.3791719
11042.4377367
11024.0359285
11005.0320738
10985.5333857
10965.5358671
10945.001646
10923.5606619
10901.4438614
10878.635367
10855.1103842
10830.622111
10805.2311606
10778.8945631
10751.5840872
10723.228434
10693.83832
10663.3410769
10631.6309638
10598.4869119
10563.6908523
10526.2549348
10485.8871089
10441.5101253
10390.7974742
10332.5848538
10263.7496904
10180.9848632
10079.6953377
9954.55596545
9798.61345788
9604.43470046
9362.52807226
9066.0703128
8709.36202378
8286.16076929
7803.70010051
7271.40859069
6702.5104348
6121.02953099
5545.33489196
5001.14396177
4497.58235719
4051.20784231
3661.04675468
3333.1705023
3059.02530019
2840.52093407
2669.33277074
2545.74052196
2463.51741382
2421.94481189
2417.72499681
2454.2509579
2530.76978836
2648.07814922
2811.37659847
3021.08873816
3285.24641725
3602.39203236
3978.64473252
4410.02726806
4894.70063782
5418.87894828
5966.65430933
6518.6077696
7056.15271969
7559.48641914
8012.18447986
8407.69005073
8743.99324825
9021.13223667
9248.76508728
9432.78650131
9582.13851145
9703.25449735
9802.01341589
9882.83312258
9949.50338611
10005.7874913
10053.0666121
10093.4885149
10127.5949067
10156.9362067
10182.1282567
10203.8276836
10222.6058592
10238.6011578
10252.4418167
10264.0769075
10274.0398962
10282.3013932
10289.1294446
10294.6914367
10299.2492667
10302.6388141
10305.2186739
10306.7993184
10307.8596135
10308.1375915
10307.6801033
10306.7461398
10305.1272771
10303.1471439
10300.7199859
10298.0247744
10294.6628407
10291.1994026
10287.2872409
10283.0989935
10278.5898531
10273.8683429
10268.9926601
10263.7747045
10258.4222762
10252.7844005
10247.0864453
10241.1251936
10235.0178659
10228.8077398
10222.4471665
10215.9465013
10209.2527967
10202.5232682
10195.671201
10188.768881
10181.7480641
10174.5929154
10167.3671341
10160.0756959
10152.7345977
10145.3042444
10137.7566809
10130.2224912
10122.5664734
10114.8905895
10107.2288019
10099.3869097
10091.5338531
10083.6807516
10075.7226051
10067.7793173
10059.8232673
10051.7958949
10043.7495876
10035.6443295
10027.490607
10019.3485463
10011.1706553
10002.963617
9994.76835007
9986.53222592
9978.24014173
9969.95535922
9961.62185452
9953.29049299
9944.97061277
9936.6002669
9928.24180368
9919.85617832
9911.42690999
9902.9953938
9894.53551457
9886.08764926
9877.65087532
9869.19914914
9860.72542396
9852.26285643
9843.81133919
9835.32219971
9826.80206546
9818.29118466
9809.77964124
9801.24556729
9792.7219215
9784.20831346
9775.6744298
9767.14545223
9758.62725264
9750.10120151
9741.53757579
9732.98320863
9724.43618755
9715.87038168
9707.31390258
9698.76654065
9690.20318844
9681.64617989
9673.098321
9664.53397832
9655.97228008
9647.42112515
9638.86072914
9630.26826473
9621.67819312
9613.09715111
9604.52309283
9595.93552334
9587.35728243
9578.78807439
9570.22788621
9561.67669395
9553.13438991
9544.60107867
9536.07674543
9527.56245312
9519.06948245
9510.58553052
9502.0886071
9493.59727108
9485.11463495
9476.63886519
9468.15646732
9459.68277775
9451.21085102
9442.73451533
9434.26699684
9425.7983214
9417.32614076
9408.86269795
9400.40798171
9391.96226664
9383.50698142
9375.05967245
9366.62109245
9358.19126125
9349.75011476
9341.30046742
9332.8584564
9324.42407509
9315.99751444
9307.57931809
9299.16387942
9290.74973094
9282.34404414
9273.94681061
9265.55802198
9257.17749832
9248.79720202
9240.42253111
9232.05627279
9223.69835297
9215.34884889
9207.0072607
9198.66487184
9190.33089168
9182.00531185
9173.68812401
9165.37427627
9157.05418456
9148.7360733
9140.4255205
9132.12282933
9123.82835897
9115.54210037
9107.25887384
9098.98133995
9090.71201521
9082.4508846
9074.19793991
9065.95317179
9057.71021644
9049.47498736
9041.24792401
9033.02901814
9024.81826485
9016.61434396
9008.41389866
9000.22158979
8992.03740934
8983.85529236
8975.67382262
8967.49694314
8959.32515109
8951.16080737
8943.00390537
8934.85443847
8926.71244567
8918.57385755
8910.4418105
8902.31718226
8894.19949532
8886.08895442
8877.98578064
8869.88616579
8861.7945312
8853.71086884
8845.63517077
8837.56744042
8829.50769867
8821.45589623
8813.40935849
8805.36827382
8797.33511545
8789.30987547
8781.292546
8773.28311847
8765.28158473
8757.2879369
8749.29810476
8741.31529907
8733.32968601
8725.35137027
8717.38034275
8709.41641107
8701.45975666
8693.50918481
8685.56324615
8677.62457319
8669.69315943
8661.76899835
8653.85208307
8645.94240672
8638.03996279
8630.14235147
8622.25097279
8614.36681415
8606.48986907
8598.62013106
8590.7575931
8582.90224866
8575.05422864
8567.21113416
8559.37566565
8551.54781562
8543.72757657
8535.91494725
8528.10993503
8520.31251072
8512.52130374
8504.73630757
8496.95888264
8489.18902153
8481.42671678
8473.67196063
8465.92474549
8458.18506396
8450.45087706
8442.72397633
8434.99590563
8427.27489122
8419.5609471
8411.85406634
8404.15424248
8396.46083338
8388.77292136
8381.09205146
8373.41821724
8365.7514123
8358.09163007
8350.43886401
8342.79310777
8335.15307664
8327.51946456
8319.8928472
8312.27321824
8304.66057136
8297.05489984
8289.45619733
8281.86430799
8274.27775042
8266.69814669
8259.12549049
8251.55977554
8244.00101554
8236.4492742
8228.90457617
8221.36636166
8213.83456339
8206.30999312
8198.79264378
8191.28250836
8183.77957989
8176.28385139
8168.79531589
8161.31244983
8153.8365516
8146.3678291
8138.90627536
8131.45188343
8124.00464595
8116.564556
8109.13160666
8101.70579101
8094.28480004
8086.86696292
8079.45508849
8072.04898645
8064.64939814
8057.25659641
8049.87057502
8042.49132752
8035.11884758
8027.753129
8020.39416556
8013.04195109
8005.69647939
7998.35763813
7991.02398401
7983.69705757
7976.37685264
7969.06336307
7961.75658268
7954.45650513
7947.16312435
7939.87643425
7932.59642876
7925.32310181
7918.05644734
7910.79553606
7903.54085043
7896.29282196
7889.05144459
7881.81671229
7874.58861878
7867.36715795
7860.15232379
7852.94411026
7845.74251136
7838.54756284
7831.35914574
7824.17664635
7817.00097871
7809.8321363
7802.67011256
7795.51490082
7788.36649439
7781.22488673
7774.09007134
7766.96204171
7759.84079134
7752.72631373
7745.61769384
7738.51556909
7731.42017261
7724.33152546
7717.24962117
7710.17365744
7703.10060976
7696.0340539
7688.97398391
7681.92039384
7674.87327773
7667.8321061
7660.79673391
7653.76782007
7646.74535864
7639.72934371
7632.71976936
7625.71662967
7618.71991874
7611.72963068
7604.74575927
7597.76829857
7590.79718537
7583.83149859
7576.87220703
7569.91930482
7562.97278592
7556.03264418
7549.09887373
7542.17146873
7535.24995146
7528.33415261
7521.4247033
7514.52159768
7507.62482992
7500.73439419
7493.85028395
7486.97249321
7480.09982721
7473.2332575
7466.37299166
7459.5190231
7452.67134534
7445.82995158
7438.99420374
7432.16352712
7425.33911598
7418.52096182
7411.70905474
7404.90314304
7398.10101564
7391.305095
7384.51535629
7377.73176951
7370.95162872
7364.17697747
7357.40833945
7350.64220589
7343.88166576
7337.12411542
7330.37010924
7323.61820532
7316.86735137
7310.11689603
7303.3637304
7296.60596065
7289.83799267
7283.04961976
7276.23228228
7269.3697875
7262.43821601
7255.41694207
7248.26581424
7240.95342628
7233.44318033
7225.71969419
7217.7594077
7209.58996736
7201.25723312
7192.85656382
7184.48963982
7176.28216363
7168.39995121
7160.95746993
7154.0369484
7147.68688865
7141.8715497
7136.52283263
7131.53536606
7126.73471898
7121.99792887
7117.23354593
7112.3149283
7107.16639455
7101.79878424
7096.19687146
7090.39256726
7084.40533102
7078.28609999
7072.06366172
7065.7650317
7059.4163643
7053.03564199
7046.63264725
7040.2172249
7033.79521236
7027.37141017
7020.94586477
7014.52342132
7008.10169201
7001.68369611
6995.2695485
6988.86023462
6982.45423225
6976.05393718
6969.65686202
6963.26565532
6956.88031171
6950.49933684
6944.12345229
6937.75341936
6931.38923255
6925.02926093
6918.67485497
6912.32628293
6905.98353944
6899.64661916
6893.31534813
6886.98893382
6880.66832885
6874.35352789
6868.04417844
6861.74004444
6855.4417004
6849.14914101
6842.86236094
6836.5813548
6830.30611719
6824.03664282
6817.77230243
6811.5135004
6805.26044748
6799.01313839
6792.77156786
6786.53573036
6780.30562064
6774.08112114
6767.86176965
6761.64813153
6755.44020125
6749.23797354
6743.04144307
6736.85060447
6730.6654521
6724.48559014
6718.31105693
6712.14219502
6705.97899822
6699.82146032
6693.66957435
6687.52333263
6681.38272647
6675.24679344
6669.11646939
6662.99181991
6656.87282945
6650.75918789
6644.65005041
6638.54639048
6632.44795148
6626.35458626
6620.26509219
6614.18120198
6608.10029725
6602.02431266
6595.94988428
6589.8769144
6583.8022056
6577.72298049
6571.63485394
6565.53210341
6559.405065
6553.24716244
6547.05269694
6540.81437331
6534.53397636
6528.21402222
6521.86818245
6515.52166791
6509.19719395
6502.92865081
6496.74634635
6490.67502529
6484.72056731
6478.88697639
6473.16308684
6467.517451
6461.92505397
6456.35291536
6450.77251662
6445.16803706
6439.51903345
6433.82655069
6428.09043464
6422.31568063
6416.51163003
6410.68585679
6404.84489972
6398.99480574
6393.14032121
6387.28533073
6381.43122037
6375.57877602
6369.73061989
6363.88585092
6358.04644781
6352.21111288
6346.38023011
6340.55470289
6334.73452631
6328.91898192
6323.10816488
6317.30268648
6311.50254183
6305.70772598
6299.91823401
6294.13406102
6288.35453139
6282.58018256
6276.81113972
6271.04739799
6265.28895251
6259.53579841
6253.78793083
6248.04526945
6242.30758372
6236.57517072
6230.84802561
6225.12614354
6219.40951967
6213.69814911
6207.99202705
6202.29094802
6196.594988
6190.90426267
6185.21876722
6179.53849686
6173.86344668
6168.19361141
6162.52898683
6156.86956815
6151.21535058
6145.56632936
6139.92249969
6134.2838568
6128.65039588
6123.02211216
6117.39889014
6111.78067977
6106.1676329
6100.55974477
6094.95701065
6089.3594258
6083.76698549
6078.17968499
6072.59751952
6067.02048437
6061.44857483
6055.88178619
6050.32011374
6044.76355277
6039.2120986
6033.6656953
6028.12419594
6022.58778981
6017.05647222
6011.53023851
6006.00908398
6000.49300393
5994.98199372
5989.47604867
5983.97516413
5978.47930071
5972.98832765
5967.50240156
5962.0215178
5956.54567172
5951.07485868
5945.60907405
5940.1483132
5934.69257152
5929.2418444
5923.79612722
5918.35541538
5912.91970429
5907.48892571
5902.06303027
5896.64212214
5891.22619675
5885.81524951
5880.40927585
5875.00826167
5869.61221128
5864.22112078
5858.83492126
5853.45358694
5848.07719916
5842.70575338
5837.33924505
5831.97766961
5826.62102249
5821.26929918
5815.92249514
5810.58060586
5805.2436268
5799.91155347
5794.58438136
5789.26210595
5783.94472274
5778.63222725
5773.32461497
5768.02188142
5762.72402212
5757.43103258
5752.14290832
5746.85964489
5741.5812378
5736.30754864
5731.03861663
5725.77452805
5720.51527845
5715.26086337
5710.01127835
5704.76651891
5699.52658063
5694.29145909
5689.06114983
5683.83564846
5678.61495054
5673.39905166
5668.18794741
5662.98163338
5657.78010517
5652.58335839
5647.39138862
5642.20419149
5637.02176398
5631.84410334
5626.67120217
5621.5030561
5616.33947446
5611.18059618
5606.02646037
5600.87706267
5595.73239873
5590.59246414
5585.45725457
5580.32676565
5575.20099307
5570.07993247
5564.96357953
5559.85192993
5554.74497933
5549.64272341
5544.54515787
5539.45227839
5534.36408067
5529.28056039
5524.20171326
5519.12753497
5514.05802123
5508.99316766
5503.93296994
5498.87721837
5493.82610887
5488.77964278
5483.7378158
5478.70062364
5473.66806199
5468.64012656
5463.61681308
5458.59811729
5453.58403492
5448.57456172
5443.56969347
5438.56942597
5433.57375489
5428.58264727
5423.59604296
5418.61370374
5413.63577178
5408.66233165
5403.69337934
5398.7289108
5393.76892201
5388.81336609
5383.86209232
5378.91528671
5373.97294526
5369.03506395
5364.10163875
5359.17266563
5354.24814059
5349.32805964
5344.41241878
5339.50176573
5334.59664857
5329.69604123
5324.79993954
5319.90833937
5315.02123657
5310.13862703
5305.26050659
5300.38687114
5295.51771655
5290.65302534
5285.79280454
5280.93705227
5276.08567997
5271.23861064
5266.39599803
5261.55783806
5256.72412663
5251.89485961
5247.0700329
5242.24964241
5237.43368408
5232.62215381
5227.81504755
5223.01236123
5218.21409078
5213.42023214
5208.63078126
5203.84573408
5199.06508656
5194.28883465
5189.5169743
5184.74950149
5179.98641215
5175.22770223
5170.4733677
5165.72327178
5160.97744096
5156.23597395
5151.49886675
5146.76612248
5142.03773928
5137.31370377
5132.59401194
5127.87865977
5123.16764323
5118.46095833
5113.75860105
5109.06056738
5104.36685328
5099.67745476
5094.99228562
5090.31127467
5085.6345678
5080.96216103
5076.2940504
5071.63023191
5066.97070161
5062.3154212
5057.66430771
5053.01735744
5048.37456669
5043.73593176
5039.10145418
5034.47112779
5029.84494608
5025.22287016
5020.60472772
5015.9907194
5011.38084152
5006.77509042
5002.17346242
4997.57595385
4992.98256104
4988.39328032
4983.80810803
4979.22769498
4974.65292347
4970.08235884
4965.51599718
4960.95383461
4956.39586728
4951.84186831
4947.29204249
4942.74640082
4938.20493946
4933.66763627
4929.13450163
4924.60553581
4920.08073499
4915.56007104
4911.043498
4906.53107867
4902.02280921
4897.51868574
4893.0187044
4888.52286134
4884.03094366
4879.5430793
4875.05934233
4870.57972892
4866.10423526
4861.63285752
4857.16559191
4852.7024346
4848.24338181
4843.78842972
4839.33757455
4834.89081198
4830.44812286
4826.00951923
4821.5749914
4817.14423438
4812.71726138
4808.29423166
4803.87514174
4799.45998813
4795.04876736
4790.64147595
4786.23811044
4781.83866734
4777.4431432
4773.05153455
4768.66383792
4764.28006212
4759.90019404
4755.52422751
4751.15202385
4746.78342539
4742.41883316
4738.06049641
4733.70616871
4729.35584637
4725.00952566
4720.66720287
4716.32887431
4711.9945362
4707.66418483
4703.33781651
4699.01541458
4694.69698029
4690.38251802
4686.07198162
4681.76505903
4677.46209824
4673.16309556
4668.86804735
4664.5769499
4660.28979948
4656.00658539
4651.72717117
4647.45155348
4643.17972898
4638.91169434
4634.64713933
4630.38626682
4626.12917501
4621.87586056
4617.62632017
4613.38055042
4609.13854797
4604.90030952
4600.66583174
4596.43511128
4592.2081448
4587.98479629
4583.76483926
4579.54876411
4575.33901464
4571.13313415
4566.93110611
4562.73294404
4558.53864434
4554.34820343
4550.16161773
4545.97888366
4541.79999764
4537.62449029
4533.45275507
4529.28485828
4525.12068579
4520.96017096
4516.80331048
4512.65010118
4508.50053988
4504.35462974
4500.2123613
4496.07373131
4491.93842463
4487.80642236
4483.67805035
4479.55330545
4475.43218449
4471.31468419
4467.20080131
4463.09053266
4458.98386193
4454.88078898
4450.78346101
4446.69102324
4442.60164669
4438.51603411
4434.43418201
4430.35608688
4426.2816579
4422.21069518
4418.14347955
4414.08000388
4410.02024808
4405.964229
4401.911897
4397.86253425
4393.81638817
4389.7737622
4385.73465333
4381.69905854
4377.66697477
4373.63839898
4369.61332813
4365.5917604
4361.57369178
4357.55911882
4353.5478278
4349.53938444
4345.53442938
4341.5329596
4337.53497206
4333.54046368
4329.55031144
4325.56671128
4321.58622587
4317.60918452
4313.63580592
4309.66601141
4305.69967759
4301.73680126
4297.77737939
4293.82137142
4289.86793944
4285.91795474
4281.97141433
4278.02831522
4274.08867837
4270.1524781
4266.21970986
4262.28993844
4258.36304145
4254.43956946
4250.51948468
4246.60261947
4242.68897106
4238.77997668
4234.87656557
4230.97548237
4227.07763464
4223.18318083
4219.29211799
4215.40444316
4211.52015313
4207.63924497
4203.76136911
4199.88580432
4196.01362004
4192.14480848
4188.27913037
4184.41657503
4180.55780894
4176.70536536
4172.85524287
4169.00776724
4165.16359681
4161.32272874
4157.48516021
4153.65088834
4149.81991028
4145.99217846
4142.16608628
4138.34333791
4134.52387489
4130.7074932
4126.89412636
4123.0832312
4119.27880971
4115.47778851
4111.68003011
4107.88551281
4104.0942336
4100.30507716
4096.51844087
4092.73503774
4088.9547639
4085.17742243
4081.40301308
4077.62966136
4073.85909502
4070.09147203
4066.32679013
4062.56893229
4058.81490759
4055.06214262
4051.31257599
4047.56619799
4043.822672
4040.08198808
4036.34280261
4032.60500606
4028.87005071
4025.13793422
4021.41059083
4017.68959467
4013.96910318
4010.25113403
4006.5362754
4002.82429691
3999.11501551
3995.40807899
3991.70041532
3987.99542488
3984.29313124
3980.59353208
3976.90301442
3973.2142292
3969.52625609
3965.84122682
3962.15884856
3958.47707085
3954.79667033
3951.11891297
3947.44379267
3943.76832672
3940.09452435
3936.42724018
3932.76594408
3929.10323252
3925.44315283
3921.78578715
3918.13005194
3914.47278077
3910.81786166
3907.16529224
3903.51260693
3899.86025015
3896.21581484
3892.57369538
3888.93374815
3885.28876574
3881.64608985
3878.00571901
3874.37195884
3870.73767638
3867.10305235
3863.47061413
3859.83454684
3856.1986348
3852.56778788
3848.94264859
3845.31258134
3841.68297167
3838.05384882
3834.42035772
3830.79034652
3827.1621501
3823.5318829
3819.90370399
3816.26862643
3812.63079592
3808.99059145
3805.34558459
3801.68990181
3798.01710927
3794.31305446
3790.56042595
3786.74961289
3782.85407915
3778.87006829
3774.78958905
3770.67051013
3766.54463614
3762.49300861
3758.60035863
3754.88668823
3751.38389809
3748.04575523
3744.82904141
3741.62227566
3738.39815529
3735.09751134
3731.69154043
3728.19140403
3724.61107882
3720.96980971
3717.28888522
3713.57325791
3709.82740353
3706.06564665
3702.2946205
3698.4971872
3694.6837418
3690.86761156
3687.01828837
3683.15742955
3679.28061857
3675.37532298
3671.45131968
3667.51120479
3663.55158384
3659.5564952
3655.54643261
3651.52124274
3647.46166281
3643.38095822
3639.29563524
3635.20379339
3631.09482048
3626.9913435
3622.92868333
3618.92411628
3615.0359228
3611.27020409
3607.78913979
3604.74284399
3602.44890998
3601.41495802
3602.51090266
3607.00038755
3616.421664
3632.04142186
3654.54476046
3683.4538145
3717.39379014
3754.57800821
3793.09372788
3831.37177048
3867.86957894
3900.98946269
3929.01317668
3949.1658864
3957.97041439
3949.93201292
3915.5193131
3840.38821092
3702.87345064
3477.84002102
3152.12824221
2735.05364343
2274.90862456
1832.22886277
1456.06782357
1165.77510634
958.520427958
818.344716967
733.968094514
694.449707156
694.908240917
734.818488707
818.750535087
952.553467311
1147.90995169
1408.10504831
1725.98960871
2074.72949755
2411.31493518
2693.31018637
2905.76657082
3053.88854688
3153.75451715
3220.73194504
3267.53347272
3301.13214662
3326.45601051
3345.99202232
3361.20273433
3373.49227926
3383.15549371
3390.9802455
3397.30531698
3402.28448851
3406.2455375
3409.30315577
3411.66524823
3413.37400334
3414.57297583
3415.34300294
3415.66696475
3415.67945995
3415.43359092
3414.86059671
3414.09417676
3413.13807961
3411.93640261
3410.64761852
3409.13950198
3407.57659781
3405.8521353
3404.04646487
3402.14571095
3400.1560916
3398.0669393
3395.93422787
3393.75263934
3391.48860098
3389.18092995
3386.84728621
3384.42304455
3381.99168058
3379.51587157
3376.99503595
3374.47419683
3371.88001498
3369.2792127
3366.67055899
3364.03586167
3361.3593931
3358.67679396
3355.99590476
3353.26593512
3350.52671537
3347.78787242
3345.03991295
3342.25616692
3339.46971992
3336.68156048
3333.89431699
3331.06709281
3328.24759704
3325.42959937
3322.59455624
3319.7408936
3316.88844374
3314.03429896
3311.18315571
3308.34015946
3305.46586806
3302.58558592
3299.71162651
3296.83298154
3293.96031449
3291.09273717
3288.19456113
3285.30141359
3282.41074331
3279.52030475
3276.63547116
3273.74428061
3270.83766944
3267.9352596
3265.03355734
3262.13397466
3259.23908939
3256.34535794
3253.45558951
3250.55580743
3247.64821533
3244.74427187
3241.84482129
3238.94457091
3236.04872237
3233.1568567
3230.26354155
3227.35953995
3224.45824355
3221.55824045
3218.66225912
3215.77020524
3212.88041666
3209.99257102
3207.10036951
3204.20405895
3201.30904124
3198.41670106
3195.5282799
3192.64346789
3189.75965681
3186.87975674
3184.00353967
3181.13014646
3178.25880473
3175.37827378
3172.5009063
3169.62482503
3166.75124654
3163.8811603
3161.01460211
3158.14974444
3155.28866684
3152.42848801
3149.56323326
3146.69935225
3143.83801221
3140.97989301
3138.12494536
3135.27204145
3132.42148498
3129.57406001
3126.72979791
3123.88702918
3121.04746894
3118.21152878
3115.37919896
3112.54137679
3109.70277371
3106.86721565
3104.03406572
3101.20200175
3098.37199741
3095.54167171
3092.70960201
3089.87491843
3087.03690616
3084.19606358
3081.3570144
3078.52108799
3075.69696582
3072.88929564
3070.09393105
3067.30992614
3064.53561925
3061.76599206
3058.99686859
3056.22465644
3053.44906205
3050.67008854
3047.89076999
3045.11082689
3042.33171795
3039.55543837
3036.78074413
3034.00869869
3031.23978432
3028.47300326
3025.70395851
3022.93665511
3020.1721587
3017.41046644
3014.65157553
3011.89549136
3009.14220878
3006.39120482
3003.64243982
3000.89642496
2998.15318375
2995.41271524
2992.6746098
2989.93890675
2987.2058944
2984.47055173
2981.73768806
2979.00737285
2976.27979063
2973.55453072
2970.83172403
2968.11164346
2965.39429151
2962.67966493
2959.96775615
2957.25791811
2954.55070764
2951.84620838
2949.14444289
2946.44538967
2943.74903938
2941.05538933
2938.36422735
2935.67527877
2932.98899932
2930.30407568
2927.61875172
2924.93589286
2922.25549682
2919.57756141
2916.90182875
2914.22854119
2911.55786251
2908.88982006
2906.2244112
2903.56163319
2900.9014834
2898.24390784
2895.58848145
2892.93567569
2890.28548868
2887.63791791
2884.99296076
2882.35061462
2879.7108769
2877.07349738
2874.43846963
2871.80612159
2869.17470484
2866.54391054
2863.91553226
2861.28956782
2858.66601503
2856.04442187
2853.42520807
2850.80841315
2848.19402202
2845.58203251
2842.97244244
2840.36524964
2837.76045194
2835.15804702
2832.55802953
2829.96004256
2827.36452666
2824.77152256
2822.1810276
2819.59303868
2817.00755231
2814.42456455
2811.84405304
2809.2656773
2806.6897855
2804.11636466
2801.54542749
2798.97697532
2796.41101055
2793.84753538
2791.28651299
2788.72738075
2786.17073511
2783.61595285
2781.06178781
2778.50874392
2775.95721257
2773.40547195
2770.85192431
2768.29482505
2765.73185431
2763.16326917
2760.5908491
2758.02036846
2755.46031697
2752.91741182
2750.39595679
2747.8952974
2745.40820707
2742.92701339
2740.44552234
2737.95808748
2735.46501146
2732.96642319
2730.46532906
2727.96330209
2725.4618085
2722.96159558
2720.46360581
2717.96717333
2715.47303538
2712.98118847
2710.49162283
2708.00434542
2705.51904617
2703.03598055
2700.55519758
2698.07669518
2695.60047118
2693.12652348
2690.65485038
2688.18542261
2685.71810168
2683.25304909
2680.79026275
2678.32962334
2675.87115538
2673.41494785
2670.96099867
2668.50930574
2666.05986694
2663.6126802
2661.16774273
2658.72505209
2656.28460732
2653.84640633
2651.41019807
2648.97617897
2646.5443981
2644.1148534
2641.68754282
2639.26246423
2636.83961555
2634.41899472
2632.00059044
2629.58440963
2627.17045048
2624.7585842
2622.34874951
2619.94113087
2617.53572622
2615.13253353
2612.73155072
2610.33277575
2607.93620657
2605.54185034
2603.14970312
2600.75975552
2598.3720055
2595.9861323
2593.60235393
2591.22067073
2588.84108088
2586.46359557
2584.08820022
2581.71489274
2579.34355421
2576.97413475
2574.60679824
2572.24154288
2569.87836686
2567.51726837
2565.15824558
2562.80129666
2560.44641978
2558.09361307
2555.74287468
2553.39460186
2551.0495973
2548.70674569
2546.36604921
2544.02750585
2541.69111359
2539.35687038
2537.02477422
2534.69472025
2532.36664493
2530.0407112
2527.71691707
2525.39525911
2523.07562174
2520.75798043
2518.4423335
2516.12846743
2513.81653295
2511.50658833
2509.19863185
2506.8926618
2504.58867641
2502.28667397
2499.98662457
2497.68829693
2495.39193907
2493.09755796
2490.80515188
2488.51471913
2486.22625794
2483.93976663
2481.65715606
2479.37700389
2477.09894997
2474.82299232
2472.54912391
2470.27723612
2468.00729978
2465.73930891
2463.47288258
2461.20838772
2458.94583413
2456.68522015
2454.42654411
2452.16980428
2449.91499898
2447.66200519
2445.41063628
2443.1611978
2440.91368808
2438.66810543
2436.42432382
2434.18231505
2431.94215817
2429.70610562
2427.47181301
2425.23942694
2423.00894571
2420.78037158
2418.5537005
2416.32892935
2414.10596662
2411.88442666
2409.66478271
2407.44703314
2405.2311763
2403.01710923
2400.8047668
2398.59414768
2396.38731839
2394.18259982
2391.97974736
2389.77875939
2387.57963433
2385.38237047
2383.18651538
2380.99243701
2378.80018459
2376.60961595
2374.42072947
2372.23342091
2370.04728238
2367.86282341
2365.68004273
2363.50087362
2361.32470315
2359.15005987
2356.97686001
2354.80549194
2352.63579437
2350.46771947
2348.30126596
2346.13584762
2343.97183938
2341.80945058
2339.64930493
2337.49349566
2335.33942388
2333.18624344
2331.03484412
2328.88516993
2326.7370705
2324.59054203
2322.44524117
2320.30081056
2318.15794956
2316.01665701
2313.88002264
2311.7458279
2309.61243632
2307.48019133
2305.34952313
2303.2204306
2301.09291263
2298.96696793
2296.84113395
2294.71662187
2292.59347094
2290.47315782
2288.3567413
2286.24165966
2284.12695595
2282.01381033
2279.90208633
2277.79115409
2275.68085462
2273.57462075
2271.47067532
2269.36733349
2267.26497121
2265.16410691
2263.06451386
2260.96482515
2258.86685676
2256.77350146
2254.68158883
2252.58934543
2250.49835776
2248.40864691
2246.31973136
2244.23049181
2242.14509152
2240.06292465
2237.98092738
2235.89889092
2233.81811659
2231.73860371
2229.65867123
2227.57874076
2225.50415186
2223.4309227
2221.35635673
2219.28244074
2217.20961603
2215.13881719
2213.0691936
2211.00087307
2208.93317049
2206.86408907
2204.79613869
2202.73071678
2200.66602409
2198.60260778
2196.53856613
2194.47352544
2192.40975373
2190.34788888
2188.28625031
2186.22603895
2184.16328424
2182.10102836
2180.04351052
2177.98201241
2175.9216873
2173.86269575
2171.8000234
2169.74134359
2167.68314695
2165.62054834
2163.5602079
2161.5011538
2159.440875
2157.38038875
2155.3191185
2153.25694223
2151.19489017
2149.13158345
2147.0702439
2145.0038283
2142.94217247
2140.88009415
2138.81959682
2136.7544123
2134.69274965
2132.63277271
2130.5712068
2128.51408506
2126.45870534
2124.40475736
2122.35818865
2120.31270798
2118.27737127
2116.2518197
2114.23381429
2112.24031899
2110.25485467
2108.30420378
2106.39217603
2104.51801751
2102.71465662
2101.00283194
2099.39392308
2097.9337847
2096.66397022
2095.64310261
2094.94114548
2094.67096961
2094.97055153
2096.04192722
2098.18272941
2101.84644185
2107.83042699
2117.48604088
2133.02700473
2157.36239228
2192.84415217
2239.45697513
2294.70296338
2354.93200352
2416.91430239
2478.09468678
2536.60366186
2590.62225551
2638.43020406
2677.79059009
2705.85718813
2718.84736897
2711.8554124
2678.50306102
2608.6945225
2486.0014532
2283.473302
1980.58318439
1593.4102925
1194.35748123
858.959116456
621.346519834
471.034996433
384.257297761
343.033755396
337.491551356
365.437187161
431.954546401
546.045946329
718.821026084
945.318212367
1192.95885364
1413.86187893
1578.88701987
1689.50024759
1762.09133338
1810.92122697
1845.51435485
1871.00275391
1890.53295385
1905.7011154
1917.67753266
1927.17502681
1934.82968287
1941.0343527
1946.00813465
1949.97560446
1953.14815681
1955.74390103
1957.70865777
1959.26441936
1960.44522967
1961.28474213
1961.8436268
1962.14883234
1962.18635832
1962.10590809
1961.87133176
1961.44796318
1960.9382123
1960.31848237
1959.57132987
1958.76437376
1957.87198139
1956.88245618
1955.87047407
1954.77370172
1953.65702486
1952.45910941
1951.25485554
1949.98264653
1948.69906063
1947.36662191
1946.0228467
1944.62352946
1943.2143616
1941.81331834
1940.36380161
1938.90909012
1937.41426053
1935.90951969
1934.41532893
1932.89035387
1931.3461093
1929.8105431
1928.25759738
1926.68344056
1925.11689157
1923.54061599
1921.94378151
1920.34958684
1918.7574299
1917.13552636
1915.51977833
1913.90789435
1912.29084922
1910.65348107
1909.02132289
1907.39312562
1905.75645498
1904.1084863
1902.4639787
1900.82321769
1899.16901231
1897.50730717
1895.84913372
1894.19627348
1892.54509302
1890.89855029
1889.22967306
1887.56137478
1885.89766888
1884.23789695
1882.58026074
1880.91930701
1879.24675701
1877.57672869
1875.91078849
1874.24787922
1872.58792046
1870.91887849
1869.24648235
1867.57689658
1865.91117883
1864.2477381
1862.58711146
1860.91323233
1859.24061045
1857.57087787
1855.90403366
1854.23886243
1852.57729246
1850.91891983
1849.25617089
1847.58749069
1845.92093255
1844.25622001
1842.59426126
1840.93538285
1839.27887161
1837.62500166
1835.96379422
1834.30301222
1832.64386413
1830.9869954
1829.33269745
1827.68103277
1826.03069437
1824.38065981
1822.72523142
1821.07208451
1819.42076137
1817.77194048
1816.1255617
1814.4813293
1812.83915755
1811.19327785
1809.54565163
1807.89953228
1806.2551481
1804.61311361
1802.97341943
1801.33551853
1799.69977942
1798.06637319
1796.43538748
1794.80602003
1793.1769032
1791.54309248
1789.91099819
1788.2803652
1786.65178377
1785.02541302
1783.40089466
1781.77839537
1780.15810465
1778.54001974
1776.92284342
1775.30191415
1773.68232796
1772.06458183
1770.44867157
1768.83459153
1767.2223348
1765.61154522
1764.00245878
1762.39516202
1760.78993474
1759.18649849
1757.58091657
1755.97468681
1754.37026581
1752.76759069
1751.16629319
1749.56678371
1747.96887467
1746.37207762
1744.7761651
1743.17928581
1741.5787477
1739.97105383
1738.35294233
1736.72640845
1735.10055034
1733.48925316
1731.90123226
1730.33827904
1728.79242627
1727.25023895
1725.70123423
1724.14112192
1722.57280028
1720.9998183
1719.42543414
1717.85145582
1716.27862419
1714.70709672
1713.13713669
1711.56887712
1710.00231621
1708.43731847
1706.87386797
1705.30822454
1703.74303223
1702.17949797
1700.61757226
1699.05710997
1697.49829092
1695.94110296
1694.38553095
1692.8315625
1691.27893434
1689.72790976
1688.17853143
1686.63082652
1685.08480883
1683.54025868
1681.99733567
1680.45605863
1678.91608833
1677.37765061
1675.83814132
1674.29660706
1672.75370693
1671.20450893
1669.64050662
1668.0500116
1666.4247278
1664.77190439
1663.12158094
1661.51838214
1659.99661014
1658.55472316
1657.15694005
1655.75875909
1654.33117492
1652.86872446
1651.38032182
1649.87800948
1648.37011452
1646.86108323
1645.35234716
1643.84470382
1642.33850844
1640.83255046
1639.3255059
1637.81984596
1636.31556896
1634.81261835
1633.31088464
1631.81052623
1630.31154082
1628.81392796
1627.31763278
1625.82275386
1624.32939689
1622.83756147
1621.34724518
1619.85844456
1618.37112067
1616.88517228
1615.40073195
1613.91779784
1612.4360202
1610.95520366
1609.47464133
1607.99257862
1606.5075767
1605.01876672
1603.52823945
1602.04134646
1600.56461585
1599.09946229
1597.6449968
1596.19536104
1594.74465806
1593.2899286
1591.83172516
1590.37177734
1588.91155136
1587.45191489
1585.99353487
1584.53627169
1583.08044947
1581.62605267
1580.17300486
1578.72140376
1577.27124791
1575.82253584
1574.3752661
1572.92943721
1571.48504772
1570.04209066
1568.6004974
1567.1603393
1565.72161491
1564.28432276
1562.84846142
1561.4140294
1559.98102526
1558.54944758
1557.11726874
1555.6862396
1554.25652591
1552.82812647
1551.40104005
1549.97526542
1548.55080112
1547.12764534
1545.70577736
1544.2851455
1542.8658084
1541.44775889
1540.03099292
1538.6155134
1537.20133075
1535.78838236
1534.37674259
1532.96642135
1531.55741297
1530.14970279
1528.74313597
1527.33794744
1525.93398859
1524.53119336
1523.12896819
1521.72612938
1520.31967323
1518.90428305
1517.47339661
1516.02523065
1514.56938307
1513.12725161
1511.72225804
1510.36165473
1509.03226254
1507.7090863
1506.37348715
1505.02009834
1503.65288228
1502.27697728
1500.89858267
1499.52000494
1498.1421409
1496.76534127
1495.38970745
1494.01532003
1492.64208625
1491.27011504
1489.89940524
1488.52995567
1487.16169906
1485.79466929
1484.42889648
1483.06437948
1481.70111714
1480.33910831
1478.97835185
1477.61883292
1476.26052911
1474.9034764
1473.54767207
1472.19311446
1470.83980245
1469.48773489
1468.13691065
1466.78732859
1465.43898758
1464.09185845
1462.7459477
1461.40127469
1460.05783829
1458.71563738
1457.37468477
1456.03498658
1454.69654164
1453.35934876
1452.02340678
1450.68871451
1449.35526036
1448.02300977
1446.6920055
1445.36224636
1444.03373927
1442.70647521
1441.38045275
1440.05567072
1438.73212797
1437.40982332
1436.08875561
1434.76892369
1433.450029
1432.13220186
1430.81558661
1429.50018215
1428.18598736
1426.87300112
1425.56122234
1424.25065052
1422.94128414
1421.63312186
1420.32616261
1419.02039186
1417.71579752
1416.41240293
1415.110207
1413.80920863
1412.5094067
1411.21080014
1409.91338782
1408.61713498
1407.32206459
1406.02818525
1404.73549927
1403.44400485
1402.15369818
1400.86457816
1399.57664371
1398.28989372
1397.00432713
1395.71994282
1394.4367369
1393.15466218
1391.8737666
1390.59404903
1389.31550839
1388.03814358
1386.76195346
1385.48693157
1384.21307211
1382.94038409
1381.6688664
1380.39851796
1379.1293214
1377.86128282
1376.59441026
1375.32870264
1374.06415886
1372.80077782
1371.53855844
1370.27753714
1369.01757823
1367.75871361
1366.50094235
1365.24426352
1363.98859923
1362.73402191
1361.48053439
1360.22812037
1358.97677432
1357.72651536
1356.47734314
1355.22925661
1353.98225439
1352.73633555
1351.49149918
1350.24769883
1349.0049716
1347.76332414
1346.52306357
1345.28482376
1344.04772283
1342.81175289
1341.57687581
1340.34313242
1339.11052373
1337.87904866
1336.64870614
1335.41949508
1334.19141443
1332.96446313
1331.73859582
1330.51384273
1329.29021589
1328.06772363
1326.84627612
1325.62585296
1324.4064533
1323.18801949
1321.97058372
1320.75416879
1319.53877119
1318.32437865
1317.1110009
1315.89863536
1314.68724656
1313.47685478
1312.26747955
1311.05912362
1309.85178718
1308.64544101
1307.44005487
1306.2356658
1305.03387262
1303.83341742
1302.63401747
1301.43572067
1300.2380758
1299.04061843
1297.84213047
1296.64010406
1295.43215089
1294.21855259
1293.005517
1291.80293134
1290.6180241
1289.44800254
1288.28300724
1287.11481856
1285.94007005
1284.76049055
1283.57869518
1282.39650673
1281.21497294
1280.0341579
1278.85524727
1277.67834789
1276.50239379
1275.32738423
1274.15328428
1272.98002111
1271.80769925
1270.6363181
1269.46587778
1268.29629221
1267.12758728
1265.95970583
1264.79260936
1263.6262974
1262.46063139
1261.29574347
1260.13163714
1258.96865486
1257.80861131
1256.64948223
1255.49126681
1254.33390115
1253.17727661
1252.02138958
1250.86623747
1249.71171784
1248.55784362
1247.40470799
1246.25231533
1245.10269743
1243.95446084
1242.80692089
1241.66007599
1240.51368528
1239.36796974
1238.2229357
1237.07855843
1235.93461333
1234.79114449
1233.64808325
1232.50640603
1231.3675615
1230.22920773
1229.09135415
1227.95393337
1226.81674979
1225.67985261
1224.54337618
1223.40956474
1222.27696081
1221.14473016
1220.012467
1218.88050937
1217.74892087
1216.61686689
1215.48535587
1214.3574844
1213.22938976
1212.10154466
1210.97343452
1209.84488357
1208.71611865
1207.59077069
1206.46511702
1205.33875662
1204.21205336
1203.08574583
1201.96199094
1200.83717625
1199.71176265
1198.58480455
1197.45716507
1196.33336868
1195.20865653
1194.08204627
1192.95304322
1191.82249086
1190.69453443
1189.56186689
1188.41981413
1187.25895347
1186.04366563
1184.7289546
1183.29578727
1181.8219966
1180.45628071
1179.33705116
1178.45520417
1177.65523911
1176.79033535
1175.81069682
1174.73493324
1173.6090328
1172.4655405
1171.31134798
1170.15781568
1169.00138783
1167.85435366
1166.71539748
1165.60457284
1164.5416181
1163.58159936
1162.86602089
1162.80208186
1164.48509787
1169.96385774
1181.17288053
1198.00413717
1218.59277734
1240.81225385
1262.82382698
1282.95222796
1299.4670678
1310.98310473
1317.46247838
1320.30083908
1320.90674067
1319.90619385
1317.16506086
1311.58202883
1299.78719093
1271.54495509
1201.74963025
1055.93105868
840.024795416
626.74885403
479.194913704
406.330317024
398.0437133
450.284341452
565.478054446
731.100812038
895.931254613
1007.28189685
1062.72901616
1087.26686635
1098.91339354
1105.3284601
1109.28236202
1111.80946081
1113.45096261
1114.48941307
1115.07721375
1115.35462003
1115.40992002
1115.27121048
1114.99297333
1114.59839151
1114.10516745
1113.53385206
1112.8961557
1112.2227991
1111.51321465
1110.7713883
1110.01738924
1109.21310755
1108.40076705
1107.55161101
1106.70313791
1105.82429182
1104.94398585
1104.04424774
1103.14012776
1102.22073497
1101.30393275
1100.37387184
1099.44010399
1098.50611855
1097.55948039
1096.6150303
1095.66182118
1094.70434206
1093.74912007
1092.79634965
1091.83281621
1090.86816466
1089.90572098
1088.94531287
1087.97269979
1087.00167484
1086.03282565
1085.06583444
1084.10077778
1083.12590097
1082.15233801
1081.18046362
1080.21036128
1079.24188261
1078.26788916
1077.29526761
1076.32430805
1075.34953964
1074.37460332
1073.40065768
1072.42850573
1071.45793774
1070.48884567
1069.52030311
1068.54690061
1067.57499539
1066.60433899
1065.63485303
1064.66684658
1063.70016243
1062.73137959
1061.76195022
1060.79373163
1059.8268636
1058.86104166
1057.8965485
1056.93341093
1055.97010081
1055.00436693
1054.03977253
1053.07620531
1052.11379682
1051.15266953
1050.19275839
1049.23397012
1048.2764831
1047.31913315
1046.35913869
1045.39891935
1044.43584981
1043.46458112
1042.47926148
1041.48246861
1040.49174294
1039.53058141
1038.60556662
1037.69877306
1036.78744386
1035.86104375
1034.92000762
1033.9739137
1033.02655134
1032.07957488
1031.13340525
1030.18808753
1029.24377569
1028.30042121
1027.35797164
1026.41650956
1025.47602078
1024.53655368
1023.59818469
1022.66055909
1021.72168678
1020.78368527
1019.84661146
1018.91047701
1017.97527006
1017.04096669
1016.10761969
1015.17523124
1014.2437063
1013.31313493
1012.38351613
1011.4548489
1010.52714016
1009.60029877
1008.67440613
1007.74772285
1006.82169979
1005.89651316
1004.97217699
1004.04869051
1003.12600059
1002.20415582
1001.28315848
1000.36299914
999.443630447
998.525106955
997.607427838
996.690566197
995.774496754
994.859269372
993.944883238
993.031304108
992.118538145
991.206611084
990.295522104
989.385224226
988.475732347
987.567076045
986.659258317
985.752252678
984.846019167
983.940617781
983.036025014
982.132165761
981.228977908
980.326480827
979.424675736
978.523471684
977.62296459
976.72312138
975.823865108
974.92530442
974.027388714
973.129894851
972.232876934
971.336204413
970.440017612
969.544261566
968.648759601
967.753437071
966.858182802
965.963936869
965.071662145
964.179411367
963.287023524
962.394479055
961.501540931
960.607687641
959.712938757
958.816689263
957.918645261
957.021747811
956.121584998
955.216783013
954.305583207
953.38625677
952.462156365
951.553140555
950.703834392
949.985325492
949.435028151
949.016173598
948.616944328
948.1347109
947.538799625
946.857804053
946.122159676
945.366645056
944.593162469
943.812861163
943.015207942
942.183779745
941.229749716
939.734657858
936.122422802
926.283252589
904.532140971
871.083850307
839.078832154
826.666516756
840.909888293
871.634132485
900.647609177
917.6624916
924.32029248
925.983649062
925.975830114
925.490196951
924.853376957
924.150691657
923.407551752
922.637671165
921.852750024
921.057693107
920.250973292
919.440037902
918.620997648
917.801305142
916.978333322
916.150294798
915.32252045
914.495143991
913.668329845
912.836675642
912.004591595
911.172896982
910.341306818
909.509113942
908.676579776
907.845165614
907.013895345
906.184098853
905.353752771
904.513388751
903.641888326
902.70634152
901.696438882
900.681233106
899.786747408
899.068772162
898.445002282
897.789406339
897.056252153
896.267171714
895.454393591
894.635022863
893.814585368
892.99435124
892.174713635
891.355748668
890.537436102
889.719874168
888.903056423
888.086957035
887.271657679
886.457113808
885.643328442
884.830318268
884.017511865
883.205061432
882.393322425
881.582310997
880.772045295
879.962465175
879.153640614
878.345559806
877.538194317
876.731540057
875.925627563
875.120436346
874.315954773
873.51221288
872.709209997
871.906945425
871.105401665
870.304551844
869.504438298
868.705060282
867.906376063
867.108414981
866.311182809
865.514657501
864.718822867
863.923716909
863.12931703
862.335552189
861.542392694
860.749757734
859.957598958
859.166046416
858.375258219
857.585117169
856.79569889
856.0068066
855.218331434
854.430300479
853.642595543
852.855028387
852.067429675
851.279284515
850.489474584
849.693378761
848.870134636
847.93773811
846.682006104
844.816442559
842.417860687
840.320594442
839.543105965
840.092750202
840.945561093
841.26052023
840.963306757
840.33913318
839.606255231
838.846377171
838.080475132
837.312807285
836.544694021
835.776451441
835.008440649
834.240727495
833.473411166
832.706570775
831.940230764
831.174374071
830.408982202
829.644031478
828.879566918
828.115562711
827.353248501
826.591812044
825.830897509
825.070573922
824.310785476
823.551537884
822.792887832
822.034825942
821.277220887
820.52011901
819.763469038
819.007261003
818.251541319
817.496872126
816.743913096
815.99148432
815.239486421
814.487734119
813.735321415
812.978971842
812.20803985
811.40441451
810.563208942
809.72542456
808.958867994
808.280701857
807.634572076
806.960363684
806.247554409
805.513488675
804.772446443
804.029907755
803.287240117
802.544707614
801.802489433
801.061736139
800.322130706
799.582786948
798.843620281
798.104755464
797.36612559
796.627720215
795.891152436
795.155211434
794.419487436
793.68401809
792.948656678
792.213426698
791.47935558
790.746581086
790.0140184
789.281595176
788.549027803
787.816534562
787.084559345
786.354715337
785.624909363
784.894917423
784.164937437
783.434714431
782.704566902
781.976752437
781.248714227
780.520445259
779.791657341
779.06716021
778.343121658
777.618687842
776.893476524
776.169236968
775.445598804
774.721376117
773.996065637
773.272125958
772.547725124
771.81959769
771.080679955
770.322241082
769.543657557
768.772630488
768.047445621
767.371306187
766.701582292
792.553359877
791.794773618
791.029849036
790.267061663
789.507214197
788.749765761
787.998139561
787.249363435
786.505006568
785.764169885
785.02684619
784.293979826
783.563116104
782.836928633
782.112533748
781.390498896
780.670421884
779.951305068
819165.571385
