8143.98848318
8136.69754589
8129.4130452
8122.13497595
8114.86333298
8107.59811113
8100.33930527
8093.08691023
8085.84092087
8078.52397369
8071.19201197
8063.86674889
8056.54817833
8049.23629417
8041.93109032
8034.63256067
8027.34069911
8020.05549957
8012.77695595
8005.50506217
7998.23981215
7990.98119982
7983.7292191
7976.48386394
7969.24512827
7962.01300605
7954.78749123
7947.56857777
7940.35625963
7933.15053079
7925.95138521
7918.75881689
7911.5728198
7904.39338794
7897.22051531
7890.0541959
7882.89442336
7875.74118972
7868.59448899
7861.45431522
7854.32066245
7847.19352473
7840.07289612
7832.95877066
7825.85114241
7818.75000542
7811.65535377
7804.56718154
7797.4854828
7790.41025167
7783.34148223
7776.27916858
7769.22330268
7762.17387854
7755.13073933
7748.09316639
7741.06202175
7734.03729955
7727.01899395
7720.00709907
7713.00160909
7706.00251815
7699.00981208
7692.02348575
7685.04354104
7678.06997214
7671.10277321
7664.14193846
7657.18746208
7650.23933827
7643.2966297
7636.36021355
7629.4301366
7622.50639305
7615.58897711
7608.67788301
7601.77310496
7594.8746372
7587.98247396
7581.09660948
7574.21703801
7567.34375379
7560.47675109
7553.61602416
7546.76156726
7539.91337468
7533.07144068
7526.23575956
7519.40632559
7512.58313306
7505.76617628
7498.95544955
7492.15094718
7485.35266348
7478.56059276
7471.77472935
7464.99506759
7458.2216018
7451.45432632
7444.6932355
7437.93832368
7431.18958523
7424.44701449
7417.71060584
7410.98035365
7404.25625229
7397.53829614
7390.82647958
7384.12079702
7377.42124283
7370.72781143
7364.04049722
7357.35929461
7350.68419801
7344.01520186
7337.35230056
7330.69548856
7324.0447603
7317.4001102
7310.76153273
7304.12902232
7297.50257345
7290.88218056
7284.26783812
7277.65954062
7271.05728251
7264.46105828
7257.8708624
7251.28668937
7244.70853366
7238.13638978
7231.57025223
7225.01011551
7218.45597412
7211.90782259
7205.36565543
7198.82946715
7192.29925228
7185.77500536
7179.25672092
7172.7443935
7166.23801765
7159.73758793
7153.2430969
7146.75453829
7140.2719067
7133.79519671
7127.32440293
7120.85951996
7114.40054239
7107.94746471
7101.50027964
7095.0589818
7088.62356583
7082.1940264
7075.77035814
7069.35255571
7062.94061378
7056.534527
7050.13429006
7043.73989762
7037.35048566
7030.96654618
7024.58844021
7018.21616244
7011.84970755
7005.48907023
6999.13424517
6992.78516689
6986.4410672
6980.10276747
6973.77026239
6967.44354667
6961.12261501
6954.80746214
6948.49808275
6942.19447159
6935.89662338
6929.60453285
6923.31819474
6917.03760379
6910.76275475
6904.49364237
6898.23026141
6891.97260664
6885.7206728
6879.47445469
6873.23394708
6866.99914473
6860.77004245
6854.54663503
6848.32891725
6842.11688391
6835.91052983
6829.70984981
6823.51483867
6817.32549122
6811.14180229
6804.96376671
6798.7913793
6792.62463492
6786.46352839
6780.30805458
6774.15820832
6768.01398448
6761.87537792
6755.74238351
6749.61499611
6743.4932106
6737.37702186
6731.26642478
6725.16141424
6719.06198515
6712.96813239
6706.87985087
6700.79713551
6694.71998121
6688.64838289
6682.58233547
6676.52183389
6670.46687306
6664.41744793
6658.37355344
6652.33518454
6646.30233616
6640.27500328
6634.25318084
6628.2368638
6622.22604715
6616.22072585
6610.22089487
6604.22654921
6598.23768383
6592.25429372
6586.27637388
6580.3039193
6574.33692496
6568.37538589
6562.41929708
6556.46865355
6550.52345031
6544.58368237
6538.64934476
6532.7204325
6526.79694062
6520.87886417
6514.96619817
6509.05893768
6503.15707775
6497.26061275
6491.36953569
6485.48384163
6479.60352568
6473.72858291
6467.85900843
6461.99479733
6456.13594473
6450.28244451
6444.43429105
6438.59147948
6432.75400494
6426.92186258
6421.09504753
6415.27355494
6409.45737999
6403.64651781
6397.84096358
6392.04042452
6386.24428381
6380.45344139
6374.66789242
6368.88763207
6363.11265551
6357.34295792
6351.57853449
6345.81885239
6340.06411257
6334.31463592
6328.57041765
6322.83145293
6317.09773697
6311.36926497
6305.64603214
6299.92803368
6294.21526481
6288.50772074
6282.80539671
6277.10828794
6271.41638965
6265.7296971
6260.04820551
6254.37191013
6248.70080622
6243.03488902
6237.3741538
6231.71859581
6226.06821032
6220.42299261
6214.78293795
6209.14804162
6203.5182989
6197.89370508
6192.27425546
6186.65994533
6181.05076999
6175.44672475
6169.84780492
6164.2540058
6158.66532273
6153.08175102
6147.50328601
6141.92992301
6136.36165737
6130.79848443
6125.24039952
6119.68739801
6114.13947524
6108.59662657
6103.05884735
6097.52613296
6091.99847877
6086.47588014
6080.95833246
6075.44583111
6069.93837147
6064.43594894
6058.93855891
6053.44619678
6047.95885795
6042.47653783
6036.99923183
6031.52693537
6026.05964387
6020.59735275
6015.14005744
6009.68775337
6004.24043598
5998.79810071
5993.36074301
5987.92835831
5982.50094208
5977.07848976
5971.66099681
5966.24845871
5960.84087091
5955.43822889
5950.04052812
5944.64776408
5939.25993226
5933.87702815
5928.49904724
5923.12598502
5917.75783699
5912.39459866
5907.03626553
5901.68283312
5896.33429604
5890.9906496
5885.65188933
5880.31801075
5874.98900942
5869.66488086
5864.34562062
5859.03122427
5853.72168733
5848.41700539
5843.11717399
5837.82218871
5832.53204511
5827.24673877
5821.96626526
5816.69061909
5811.41979509
5806.15378885
5800.89221283
5795.63534913
5790.38329199
5785.136037
5779.89357979
5774.65591598
5769.4230412
5764.19495107
5758.97164122
5753.7531073
5748.53934494
5743.3303498
5738.12611751
5732.92664373
5727.73192412
5722.54148424
5717.35545945
5712.17417908
5706.99763877
5701.8258342
5696.65876103
5691.49641494
5686.3387916
5681.1858867
5676.03769591
5670.89421494
5665.75543947
5660.6213652
5655.49198783
5650.36730307
5645.24730662
5640.1319942
5635.02136152
5629.91540431
5624.81411829
5619.71749919
5614.62554273
5609.53824467
5604.45560073
5599.37760666
5594.30425821
5589.23555113
5584.17148118
5579.11204411
5574.05723569
5569.0070517
5563.96148788
5558.92054004
5553.88420393
5548.85247535
5543.82535008
5538.80282392
5533.78489265
5528.77155208
5523.762798
5518.75862623
5513.75903257
5508.76401284
5503.77356285
5498.78767842
5493.80635539
5488.82958958
5483.85737681
5478.88971294
5473.92659379
5468.96801521
5464.01397306
5459.06446318
5454.11948142
5449.17902365
5444.24308573
5439.31166352
5434.38475288
5429.46234969
5424.54444982
5419.63104915
5414.72214355
5409.81772892
5404.91780114
5400.02235611
5395.13138972
5390.24489787
5385.36287646
5380.48532141
5375.61222863
5370.74359402
5365.87941351
5361.01968302
5356.16439782
5351.31355257
5346.46714322
5341.62516572
5336.78761602
5331.95449008
5327.12578385
5322.30149329
5317.48161438
5312.66614308
5307.85507537
5303.04840723
5298.24613463
5293.44825355
5288.65476
5283.86564975
5279.08091735
5274.30055881
5269.52428991
5264.75183731
5259.98375
5255.22002398
5250.46065527
5245.70563986
5240.95497377
5236.20865301
5231.46667363
5226.72903166
5221.99572313
5217.2667441
5212.5420906
5207.8217587
5203.10574444
5198.39395216
5193.68584204
5188.98204066
5184.28254408
5179.58734837
5174.89644958
5170.20984379
5165.52752707
5160.84948491
5156.17571353
5151.50621956
5146.84099907
5142.18004816
5137.52336292
5132.87093944
5128.22277384
5123.57886222
5118.93920067
5114.30378533
5109.6726123
5105.0456777
5100.42297765
5095.80450829
5091.19026574
5086.58024614
5081.97444562
5077.37286032
5072.77548639
5068.18231998
5063.59335723
5059.00859431
5054.42802737
5049.85165257
5045.27946608
5040.71146406
5036.1476427
5031.58799816
5027.03252662
5022.48122427
5017.9340873
5013.39111189
5008.85229424
5004.31763054
4999.78711699
4995.26074981
4990.73852518
4986.22043934
4981.70648849
4977.19666884
4972.69097662
4968.18940806
4963.69195938
4959.19862681
4954.70940659
4950.22429495
4945.74328815
4941.26638241
4936.79357399
4932.32485914
4927.86023411
4923.39969515
4918.94323852
4914.49086049
4910.04255733
4905.5983253
4901.15816068
4896.72205974
4892.29001877
4887.86203404
4883.43810185
4879.01821848
4874.60238023
4870.1905834
4865.78282429
4861.3790981
4856.97940101
4852.58372934
4848.19207942
4843.80444757
4839.42083011
4835.04122338
4830.66562371
4826.29402744
4821.9264309
4817.56283044
4813.20322241
4808.84760314
4804.495969
4800.14831634
4795.80464151
4791.46494087
4787.12921079
4782.7969708
4778.4686355
4774.14426201
4769.82384671
4765.50738591
4761.19487471
4756.88630951
4752.58168668
4748.28100262
4743.98425366
4739.69143593
4735.40254561
4731.11757883
4726.83653175
4722.55940056
4718.28618141
4714.01687049
4709.75146397
4705.48995806
4701.23234894
4696.97863281
4692.72880587
4688.48283852
4684.24020386
4680.00144936
4675.76657123
4671.53556569
4667.3084008
4663.08499314
4658.86533962
4654.6494355
4650.4372775
4646.2288644
4642.02419312
4637.82326059
4633.62606372
4629.43259944
4625.24286468
4621.05685636
4616.87457141
4612.69600677
4608.52115937
4604.35002615
4600.18260403
4596.01888997
4591.85944273
4587.70531712
4583.55499454
4579.40847152
4575.26574458
4571.12681026
4566.99166507
4562.86030556
4558.73272826
4554.60892971
4550.48890645
4546.37265503
4542.260172
4538.15145391
4534.04649731
4529.94529876
4525.84785482
4521.75416206
4517.66421702
4513.57801629
4509.49555644
4505.41683403
4501.34184566
4497.27058789
4493.20305731
4489.13925051
4485.07916407
4481.02279459
4476.97013866
4472.92119288
4468.87595385
4464.83441817
4460.79658234
4456.76244176
4452.73199306
4448.70523285
4444.68215778
4440.66276447
4436.64704956
4432.63500968
4428.62664147
4424.62194159
4420.62090667
4416.62353295
4412.6298165
4408.63975399
4404.65334209
4400.67057746
4396.69145678
4392.71597673
4388.74408512
4384.77530205
4380.81015195
4376.8486315
4372.89073737
4368.93646625
4364.98581482
4361.03877977
4357.09535778
4353.15554555
4349.21933978
4345.28655096
4341.35711438
4337.43127603
4333.50903239
4329.59038
4325.67531534
4321.76383494
4317.85593533
4313.95161302
4310.05086454
4306.15368643
4302.26007523
4298.37002748
4294.48353973
4290.60060852
4286.72123042
4282.84540199
4278.97311978
4275.10438038
4271.23918034
4267.37748323
4263.51923289
4259.66442645
4255.81306104
4251.96513381
4248.12064188
4244.2795824
4240.44195251
4236.60774934
4232.77697005
4228.94961177
4225.12567166
4221.30514686
4217.48803452
4213.6743318
4209.86403585
4206.05714382
4202.25365288
4198.43912999
4194.60492046
4190.77422098
4186.94702833
4183.12333931
4179.3031507
4175.4864593
4171.67326192
4167.86355535
4164.05733639
4160.25460186
4156.45534856
4152.65957331
4148.86727293
4145.07844422
4141.29308402
4137.51118915
4133.73275644
4129.95778271
4126.1862648
4122.41819954
4118.65358377
4114.89241432
4111.13468805
4107.38040178
4103.62955238
4099.88213668
4096.13815155
4092.39759384
4088.66046041
4084.92674812
4081.19645383
4077.46957442
4073.74610675
4070.0260477
4066.30939414
4062.59614295
4058.88629002
4055.17983176
4051.47676506
4047.77708683
4044.08079397
4040.38788339
4036.69835199
4033.01219669
4029.3294144
4025.65000204
4021.97395652
4018.30127478
4014.63195373
4010.96599031
4007.30338088
4003.64412236
3999.98821171
3996.33564585
3992.68598826
3989.03946003
3985.39627007
3981.7564153
3978.11989269
3974.48669919
3970.85683175
3967.23028732
3963.60706287
3959.98715536
3956.37056176
3952.75727902
3949.14730414
3945.54063407
3941.93701808
3938.33669662
3934.73967194
3931.14594102
3927.55550084
3923.96834839
3920.38448066
3916.80389464
3913.22658733
3909.65255573
3906.08179683
3902.51430764
3898.95008517
3895.38912642
3891.83142841
3888.27698815
3884.72580265
3881.17786894
3877.63318404
3874.09174498
3870.55354877
3867.01859247
3863.48687308
3859.95838766
3856.43313324
3852.91110687
3849.39230558
3845.87672642
3842.36436645
3838.8552227
3835.34929224
3831.84657212
3828.34705941
3824.85075117
3821.35764446
3817.86773635
3814.38102391
3810.89750422
3807.41717435
3803.94003139
3800.46607241
3796.99529449
3793.52769473
3790.0632702
3786.602018
3783.14393448
3779.68901611
3776.23726135
3772.78866732
3769.34323111
3765.90094982
3762.46182057
3759.02584047
3755.59300663
3752.16331616
3748.73676619
3745.31335383
3741.89307621
3738.47593046
3735.0619131
3731.65102043
3728.24324962
3724.8385978
3721.43706214
3718.03863977
3714.64332785
3711.25112355
3707.86202402
3704.47602642
3701.09312793
3697.71332571
3694.33661693
3690.96299875
3687.59246836
3684.22502293
3680.86065964
3677.49937568
3674.14090038
3670.7851399
3667.43245285
3664.08283641
3660.73628775
3657.39280408
3654.05238257
3650.71502043
3647.38071484
3644.04946302
3640.72126216
3637.39610906
3634.07400056
3630.75493387
3627.4389062
3624.12591479
3620.81595685
3617.5090296
3614.20513029
3610.90425612
3607.60640435
3604.3115722
3601.01975691
3597.73095572
3594.44516588
3591.16238462
3587.8826092
3584.60583688
3581.33206489
3578.06111163
3574.79299006
3571.52786199
3568.26572467
3565.00657537
3561.75041135
3558.49722987
3555.24702821
3551.99980364
3548.75555342
3545.51427484
3542.27596516
3539.04062168
3535.80824168
3532.57882243
3529.35236124
3526.12885538
3522.90830216
3519.69069887
3516.4760428
3513.26433124
3510.05556151
3506.8497309
3503.64683672
3500.44687626
3497.24984685
3494.05574579
3490.8645704
3487.67631799
3484.49098588
3481.3085714
3478.12907186
3474.9524846
3471.77880695
3468.60803623
3465.44016983
3462.27520522
3459.11313824
3455.9539659
3452.79768556
3449.64429457
3446.4937903
3443.3461701
3440.20143134
3437.0595714
3433.92058763
3430.78447742
3427.65123814
3424.52086716
3421.39336187
3418.26871964
3415.14693787
3412.02801394
3408.91196692
3405.79883159
3402.68788821
3399.57964088
3396.47424131
3393.37168687
3390.27197498
3387.17510301
3384.08106838
3380.98986848
3377.90150071
3374.81596248
3371.7332512
3368.65336427
3365.57629912
3362.50205315
3359.43062378
3356.36200842
3353.29620451
3350.23320946
3347.1730207
3344.11563565
3341.06105173
3338.00926639
3334.96027705
3331.91408116
3328.87067614
3325.83005944
3322.79222851
3319.75718078
3316.72491371
3313.69542474
3310.66871134
3307.64477094
3304.62360102
3301.60519894
3298.5895611
3295.57668495
3292.56656798
3289.55920767
3286.55460149
3283.55274692
3280.55364145
3277.55728256
3274.56366775
3271.57279451
3268.58466032
3265.59926268
3262.6165991
3259.63666706
3256.65946408
3253.68498766
3250.7132353
3247.74417009
3244.77734373
3241.81323605
3238.85184455
3235.89316674
3232.93720014
3229.98394226
3227.03339062
3224.08554274
3221.14039614
3218.19794835
3215.2581969
3212.3211393
3209.38677309
3206.4550958
3203.52610496
3200.5997981
3197.67617276
3194.75522648
3191.8369568
3188.92136127
3186.00843742
3183.09818281
3180.19059499
3177.28567151
3174.38340992
3171.48380779
3168.58686267
3165.69257212
3162.80093371
3159.91194336
3157.02559854
3154.14189682
3151.26083579
3148.38241305
3145.50662617
3142.63347276
3139.76295041
3136.89505671
3134.02978926
3131.16714567
3128.30712354
3125.44972046
3122.59493406
3119.74276193
3116.8932017
3114.04625098
3111.20190738
3108.35943856
3105.51952367
3102.68221189
3099.84750084
3097.01538815
3094.18587142
3091.35894828
3088.53461634
3085.71287323
3082.89371657
3080.07714399
3077.26315311
3074.45174156
3071.64290725
3068.83664843
3066.03296183
3063.23184508
3060.43329581
3057.63731167
3054.84389028
3052.05302929
3049.26472634
3046.47897906
3043.69578491
3040.91514118
3038.13704519
3035.36149427
3032.58848573
3029.8180169
3027.05008511
3024.28468771
3021.52182204
3018.76148544
3016.00367526
3013.24838885
3010.49562358
3007.74537679
3004.99764586
3002.25242816
2999.50972107
2996.76952196
2994.03173586
2991.29630304
2988.56322182
2985.83249052
2983.10410747
2980.37807099
2977.65437941
2974.93303105
2972.21402423
2969.49735643
2966.78302521
2964.07102891
2961.36136586
2958.6540344
2955.94903287
2953.2463596
2950.54601292
2947.84799117
2945.15403417
2942.46357594
2939.77558234
2937.09005112
2934.40698003
2931.72636681
2929.04820923
2926.37250504
2923.699252
2921.02806935
2918.35899353
2915.69236502
2913.02818159
2910.36644099
2907.70714098
2905.05027933
2902.39585379
2899.74386214
2897.09430215
2894.44717158
2891.80246821
2889.16018981
2886.52033415
2883.88289903
2881.24788221
2878.61528148
2875.98509463
2873.35731944
2870.73195369
2868.10899519
2865.48844173
2862.87029109
2860.25454108
2857.64118949
2855.03023412
2852.42167278
2849.81550327
2847.21172339
2844.61033094
2842.01132375
2839.4146996
2836.82045632
2834.22859172
2831.63910361
2829.05198981
2826.46724814
2823.88487643
2821.30487249
2818.72723415
2816.15195923
2813.57904558
2811.00849102
2808.44029218
2805.87444746
2803.31095552
2800.74981231
2798.19101569
2795.63456351
2793.08045363
2790.52868392
2787.97925222
2785.43215641
2782.88739435
2780.34496391
2777.80486296
2775.26708937
2772.73164102
2770.19851597
2767.66771299
2765.13922886
2762.61252334
2760.08789898
2757.56559022
2755.04559493
2752.52791098
2750.01253626
2747.49946866
2744.98870604
2742.48024629
2739.97408731
2737.47022699
2734.9686632
2732.46939385
2729.97241682
2727.47773002
2724.98533135
2722.4952187
2720.00738997
2717.52184299
2715.03857525
2712.55758466
2710.07886913
2707.60242657
2705.12825489
2702.65635201
2700.18671585
2697.71934432
2695.25423534
2692.79138685
2690.33079676
2687.872463
2685.41638349
2682.96255618
2680.51097899
2678.06164985
2675.61456587
2673.16968848
2670.7268688
2668.28628794
2665.84794384
2663.41183446
2660.97795776
2658.5463117
2656.11689423
2653.68970334
2651.26473697
2648.8419931
2646.4214697
2644.00316474
2641.58707619
2639.17320203
2636.76154023
2634.35208878
2631.94446783
2629.53857322
2627.13488633
2624.73340512
2622.33412758
2619.93705169
2617.54217541
2615.14949674
2612.75901366
2610.37072416
2607.98462621
2605.60071782
2603.21899696
2600.83946164
2598.46210984
2596.08693957
2593.71394882
2591.34313559
2588.97449788
2586.60803369
2584.24374102
2581.88161787
2579.52166225
2577.16387216
2574.80824561
2572.45478061
2570.10347518
2567.75432732
2565.40733506
2563.0624964
2560.71980938
2558.379272
2556.0408823
2553.7046383
2551.37053802
2549.03857898
2546.70875839
2544.38107356
2542.05552245
2539.73210312
2537.41081362
2535.09165201
2532.77461633
2530.45970466
2528.14691505
2525.83624556
2523.52769425
2521.2212592
2518.91693847
2516.61473012
2514.31463223
2512.01664287
2509.72076012
2507.42674604
2505.13409506
2502.8435488
2500.55510532
2498.2687627
2495.98451901
2493.70237231
2491.42232069
2489.14436221
2486.86849495
2484.59471699
2482.32302641
2480.05342127
2477.78589967
2475.52045968
2473.25709938
2470.99581687
2468.73661022
2466.47947752
2464.22441645
2461.97142492
2459.72050103
2457.47164288
2455.22484857
2452.9801162
2450.73744386
2448.49682967
2446.25827172
2444.02176676
2441.78731207
2439.55490577
2437.32454598
2435.09623082
2432.86995842
2430.6457269
2428.42353439
2426.203379
2423.98506746
2421.76871129
2419.55438741
2417.34209352
2415.13182733
2412.92358652
2410.71736882
2408.51317193
2406.31099358
2404.11021713
2401.91107615
2399.71395084
2397.5188389
2395.32573806
2393.13464605
2390.94556061
2388.75847947
2386.57340038
2384.39032108
2382.20923932
2380.03002195
2377.85260066
2375.6769769
2373.50314751
2371.33111111
2369.16086665
2366.99241311
2364.82574946
2362.66087466
2360.49778631
2358.33648237
2356.17696182
2354.01922363
2351.86326679
2349.70909026
2347.55669303
2345.40607406
2343.25723233
2341.11277368
2338.97154778
2336.83228635
2334.69498758
2332.55964969
2330.42627087
2328.29484936
2326.16538335
2324.03787105
2321.91168942
2319.7869947
2317.66425265
2315.54346145
2313.42461932
2311.30772446
2309.19277507
2307.07976936
2304.96870554
2302.85958181
2300.75239639
2298.64714749
2296.54383333
2294.44245212
2292.34300208
2290.24548143
2288.1498884
2286.05622119
2283.96447805
2281.8746572
2279.78675536
2277.70076968
2275.61669842
2273.53453982
2271.45429213
2269.37595362
2267.29952253
2265.22499712
2263.15237565
2261.08165637
2259.01283756
2256.94591747
2254.88089437
2252.81776652
2250.75653217
2248.69718961
2246.63973708
2244.58417286
2242.52980389
2240.47682189
2238.42572769
2236.37651945
2234.32919506
2232.28375182
2230.24018758
2228.198502
2226.15869335
2224.1207599
2222.08469992
2220.0505117
2218.01819303
2215.9877399
2213.95915059
2211.93242341
2209.90755666
2207.88454864
2205.86339765
2203.84410201
2201.82666002
2199.81101398
2197.79705439
2195.78494426
2193.77468188
2191.76626557
2189.75969364
2187.75496439
2185.75207612
2183.75102717
2181.75160502
2179.75294874
2177.75613177
2175.76115238
2173.76800889
2171.7766996
2169.78722281
2167.79957684
2165.81375998
2163.82977055
2161.84760685
2159.86726721
2157.88874994
2155.91205077
2153.93716716
2151.96409746
2149.99284002
2148.02339319
2146.05575532
2144.08992477
2142.12589989
2140.16367903
2138.20326055
2136.2446428
2134.28782413
2132.33280289
2130.37957742
2128.42814608
2126.4785072
2124.53065914
2122.58460023
2120.63912975
2118.69504635
2116.75275343
2114.81224932
2112.87353236
2110.93660589
2109.00146679
2107.06810979
2105.13653288
2103.20673386
2101.27871053
2099.35246068
2097.42798082
2095.50526615
2093.58431451
2091.66512377
2089.74769177
2087.83201637
2085.91809543
2084.00592682
2082.09550841
2080.18683808
2078.27991369
2076.37473315
2074.47129434
2072.56959515
2070.66948481
2068.77085691
2066.87371087
2064.97804613
2063.08325382
2061.18872272
2059.29567836
2057.40412014
2055.51404742
2053.62545763
2051.73834813
2049.85271832
2047.96856761
2046.08589541
2044.20470112
2042.32498412
2040.44674382
2038.56997961
2036.6976452
2034.82901942
2032.96211226
2031.09692216
2029.23344751
2027.37168639
2025.51163557
2023.65328956
2021.79664681
2019.94077903
2018.08566534
2016.23225759
2014.38055421
2012.53055361
2010.6822534
2008.83565147
2006.99074753
2005.14753997
2003.30602716
2001.46620752
1999.62807938
1997.79164031
1995.95687951
1994.12364787
1992.29131618
1990.45882549
1988.62801714
1986.79888937
1984.97144029
1983.14566798
1981.32157045
1979.49914559
1977.67838225
1975.85927062
1974.04180834
1972.22599286
1970.41182153
1968.59929145
1966.78838569
1964.97872554
1963.16635592
1961.35559144
1959.54642041
1957.7388394
1955.93280656
1954.12831629
1952.32531658
1950.52379844
1948.72370556
1946.92499321
1945.12337693
1943.31946252
1941.51676308
1939.71520474
1937.91471039
1936.11517278
1934.3099246
1932.50190929
1930.6946205
1928.87842052
1927.05893749
1925.24006909
1923.40356043
1921.56656108
1919.70699634
1917.84523995
1915.95875297
1914.05296663
1912.12719007
1910.16534875
1908.1716096
1906.14429763
1904.0817453
1901.96944044
1899.81083615
1897.6156485
1895.37766897
1893.10131736
1890.79889692
1888.48411429
1886.16450935
1883.85031171
1881.5792275
1879.32943113
1877.1583678
1875.07552549
1873.08603825
1871.20451075
1869.42816171
1867.7702274
1866.23878376
1864.81060102
1863.47531415
1862.21865613
1861.02863846
1859.87871883
1858.75130859
1857.6317362
1856.51156148
1855.3735389
1854.20437182
1852.98161734
1851.7216656
1850.41135001
1849.05404549
1847.65543008
1846.20903261
1844.73591146
1843.21357382
1841.66775892
1840.10056179
1838.50123156
1836.89734719
1835.26738441
1833.63875149
1831.99149632
1830.34126649
1828.69173509
1827.03198558
1825.36735497
1823.70122723
1822.03659647
1820.37345046
1818.7069565
1817.03810398
1815.37076562
1813.70494012
1812.04062618
1810.37534858
1808.70723312
1807.04059456
1805.37548867
1803.71191407
1802.04986937
1800.38935314
1798.73037251
1797.07293197
1795.41700878
1793.76259955
1792.10970293
1790.4529755
1788.79766298
1787.14387995
1785.49162496
1783.84089661
1782.19169294
1780.54401175
1778.89785081
1777.25320792
1775.61008086
1773.96846744
1772.32836545
1770.68976799
1769.05266926
1767.41706715
1765.7796281
1764.14269916
1762.50727714
1760.8733599
1759.2409453
1757.61003121
1755.98061553
1754.35269613
1752.72601674
1751.10043809
1749.47596034
1747.85257431
1746.23028592
1744.60908995
1742.9889866
1741.36765382
1739.74562267
1738.12470054
1736.50488759
1734.88618395
1733.26858974
1731.65210509
1730.03673013
1728.42246497
1726.80930972
1725.19726446
1723.591377
1721.98959667
1720.38929402
1718.79046775
1717.19153414
1715.59120287
1713.99236108
1712.39500576
1710.79912515
1709.20472993
1707.61181871
1706.02039008
1704.43044264
1702.84197497
1701.25498568
1699.66947337
1698.08543663
1696.50286402
1694.92175274
1693.34134456
1691.75802712
1690.17618411
1688.5958133
1687.01691246
1685.43947936
1683.8635118
1682.28900758
1680.71596449
1679.14437516
1677.57423254
1676.0055327
1674.43827172
1672.87245122
1671.30806913
1669.74512334
1668.17854951
1666.61268374
1665.04783837
1663.48401369
1661.92120889
1660.35941398
1658.79862936
1657.23885541
1655.68009253
1654.12234108
1652.5656014
1651.00723835
1649.44740929
1647.88861254
1646.33084836
1644.774117
1643.21840936
1641.66372177
1640.11387066
1638.56998754
1637.02747612
1635.48639176
1633.94615294
1632.40207797
1630.85945353
1629.31827734
1627.77854714
1626.24025579
1624.70339057
1623.16794937
1621.63393008
1620.10133056
1618.57014872
1617.04038706
1615.50724051
1613.97347251
1612.44113972
1610.91023995
1609.38058192
1607.85186665
1606.32409282
1604.79726105
1603.27137196
1601.74642615
1600.22242418
1598.6968322
1597.16674189
1595.63762745
1594.10948819
1592.58231322
1591.05610558
1589.53085415
1588.00655848
1586.48321813
1584.96083268
1583.43940167
1581.9227042
1580.40466029
1578.88704328
1577.37086463
1575.85612201
1574.34281163
1572.83091216
1571.32040658
1569.81131435
1568.30361506
1566.79730357
1565.29237786
1563.78368327
1562.27025568
1560.75772927
1559.24610487
1557.73538328
1556.22556509
1554.71665
1553.20863769
1551.70152779
1550.19530273
1548.68995981
1547.18470831
1545.67014849
1544.14851954
1542.62783711
1541.10810078
1539.58930416
1538.07143058
1536.55447982
1535.04360747
1533.52936626
1532.01656661
1530.50520625
1528.99516515
1527.48596021
1525.97758403
1524.47001643
1522.95387441
1521.4372142
1519.92142747
1518.40651403
1516.89247229
1515.37927515
1513.86692269
1512.35213536
1510.82923626
1509.3072295
1507.78611155
1506.26583007
1504.74642564
1503.22788032
1501.7125494
1500.19810974
1498.68037298
1497.16410417
1495.64929987
1494.13572385
1492.62293434
1491.11092623
1489.59891909
1488.07256747
1486.54706073
1485.02239914
1483.49858297
1481.97560354
1480.45343257
1478.93207064
1477.4029785
1475.86452876
1474.32697818
1472.79028656
1471.25432701
1469.71855595
1468.18297632
1466.65211936
1465.11107983
1463.56766562
1462.02510807
1460.48340761
1458.94256482
1457.40258023
1455.86344797
1454.3199645
1452.76063852
1451.20221302
1449.64468698
1448.0880588
1446.53151692
1444.96342857
1443.38721172
1441.82262114
1440.25877076
1438.69566178
1437.13325226
1435.55060033
1433.96537827
1432.38094152
1430.79738721
1429.21467407
1427.62894824
1426.01999269
1424.41186985
1422.80390191
1421.19585304
1419.58735924
1417.98049295
1416.35779362
1414.73587493
1413.11473722
1411.49438075
1409.87476151
1408.22905354
1406.57477432
1404.92096059
1403.26698093
1401.61283112
1399.95748526
1398.26111873
1396.56471442
1394.86827775
1393.18590712
1391.50817946
1389.81492859
1388.09038369
1386.36682532
1384.64305033
1382.91896345
1381.19449606
1379.44061094
1377.66928387
1375.89779504
1374.13282017
1372.34619547
1370.55286149
1368.76062937
1366.96829225
1365.1302595
1363.29196041
1361.45340762
1359.60177966
1357.71059944
1355.81932274
1353.92796139
1352.03465299
1350.10873315
1348.18225938
1346.25581219
1344.2891603
1342.29681946
1340.30474302
1338.31246239
1336.25907463
1334.19100895
1332.12209978
1330.06317076
1327.93126634
1325.79997866
1323.66922097
1321.51830356
1319.2885379
1317.05830401
1314.82765207
1312.57372718
1310.25315166
1307.93474362
1305.61604435
1303.22937515
1300.79863572
1298.36716668
1295.86108701
1293.3501022
1290.83875277
1288.21679641
1285.58580559
1282.94893933
1280.18141138
1277.41463166
1274.63817072
1271.74600677
1268.85658079
1265.90847365
1262.84838438
1259.79132377
1256.6599878
1253.43556352
1250.2161031
1246.84790444
1243.4060015
1239.97908731
1236.36374859
1232.69979938
1229.04346671
1225.1745923
1221.30338909
1217.22241879
1213.12206004
1208.83558034
1204.50775718
1199.9868578
1195.37904258
1190.62819825
1185.67696816
1180.60009146
1175.47843071
1170.07756251
1164.50360407
1158.80733247
1152.78889789
1146.65404869
1140.27427879
1133.59339025
1126.79978328
1119.58748779
1112.1745215
1104.48559855
1096.4721348
1088.02792811
1079.25652108
1070.16693909
1060.74063406
1050.69856898
1040.24290425
1029.37378878
1018.08103327
1006.18629232
993.736054814
980.688217731
966.998224898
952.578245472
937.386876753
921.324117138
904.284246566
886.129344885
866.779618848
845.810289157
823.300534298
799.012163408
772.266037087
743.15156419
711.086924598
675.775029281
636.84084492
594.178730555
547.806852675
498.282517941
446.30558186
393.53961471
341.709150127
292.109888841
246.775054513
206.629766023
171.946755202
142.909808637
118.942061003
99.6585464977
84.1410601514
71.9270267965
62.2607277619
54.7792113453
48.9315213656
44.5239700461
41.227726105
38.948207532
37.5025991784
36.8438986716
36.8974192526
37.7327753452
39.3608395183
41.8430242296
45.3579735
50.0300291519
56.2068434127
64.1159942657
74.2860684526
87.1620494558
103.457652864
123.737381093
148.632304046
178.667034733
214.259762757
255.289991044
300.954192784
350.23738625
401.625288624
452.909629471
503.107162862
550.70433114
595.285681613
636.43106499
674.146804377
708.500981068
739.781533607
768.687861629
795.184532168
819.76674181
842.295073601
863.245165574
882.700080815
900.823825804
917.785350342
933.525684681
948.321330825
962.038153063
974.945667124
986.952310999
998.181876631
1008.70181624
1018.66219798
1027.900961
1036.6577693
1044.75538511
1052.54768313
1059.8053547
1066.54425835
1072.96084945
1078.86586404
1084.5193444
1089.83809831
1094.96836817
1099.55202319
1104.07843267
1108.23347312
1112.16468351
1115.82594655
1119.31130618
1122.67101283
1125.72690062
1128.66855548
1131.35147282
1133.98538462
1136.37525499
1138.63035846
1140.79022751
1142.80738242
1144.69020179
1146.38497864
1148.04446379
1149.58257123
1151.06961416
1152.43712137
1153.66806512
1154.82508962
1155.91266201
1156.94630693
1157.88540712
1158.70093873
1159.52516881
1160.21972781
1160.88848096
1161.56605519
1162.05220957
1162.52071903
1162.982862
1163.32955856
1163.68511973
1164.0206186
1164.27470755
1164.50190644
1164.66012249
1164.76020267
1164.86531527
1164.92522786
1164.94691725
1164.97368944
1164.94954707
1164.85821667
1164.76698145
1164.61604228
1164.45957453
1164.30758344
1164.09369373
1163.88466537
1163.63853642
1163.33754225
1163.02620121
1162.67621105
1162.33117305
1161.99010137
1161.62472467
1161.22740035
1160.83411008
1160.44467706
1160.00616229
1159.52577749
1159.04731893
1158.55996311
1158.03984572
1157.52302033
1157.00964282
1156.46575577
1155.9189758
1155.37575217
1154.81557497
1154.20579934
1153.59795993
1152.9899646
1152.35304551
1151.7182145
1151.08525227
1150.42645614
1149.76652669
1149.10861508
1148.42437887
1147.73496026
1147.04911333
1146.34492028
1145.59708962
1144.84386222
1144.09262136
1143.34108297
1142.56644565
1141.79413848
1141.02381169
1140.25542377
1139.48895721
1138.72430111
1137.96158207
1137.20073933
1136.44296619
1135.7008637
1134.96068656
1134.19781578
1133.43298818
1132.66969651
1131.90589607
1131.12648734
1130.34867935
1129.56468084
1128.76756978
1127.97220971
1127.16741669
1126.35057789
1125.53547008
1124.72206548
1123.91067343
1123.08041991
1122.2510794
1121.42350852
1120.59773654
1119.75115124
1118.88696556
1118.02340157
1117.1604617
1116.29835731
1115.43767085
1114.57206738
1113.6999075
1112.82930707
1111.96026458
1111.09277848
1110.22663869
1109.35276237
1108.4772754
1107.60334275
1106.73088851
1105.860008
1104.99012535
1104.11138032
1103.23422678
1102.35866299
1101.48468723
1100.60657833
1099.71347668
1098.81474406
1097.91672674
1097.01976123
1096.12424326
1095.23016056
1094.33163343
1093.43169912
1092.53322648
1091.63620446
1090.74062994
1089.84648712
1088.94654721
1088.04755168
1087.15000718
1086.25391045
1085.35926185
1084.46455476
1083.56597997
1082.66885945
1081.7731917
1080.87207904
1079.96392925
1079.05325679
1078.14063563
1077.22876266
1076.31763913
1075.40726625
1074.4976972
1073.5843012
1072.67067196
1071.75782101
1070.84568325
1069.93430733
1069.02363278
1068.10932127
1067.19643452
1066.28496866
1065.37492044
1064.46629635
1063.55911885
1062.65333752
1061.74590307
1060.83704259
1059.9295935
1059.02355263
1058.11891684
1057.21567567
1056.31382306
1055.41335598
1054.5096256
1053.60631937
1052.69219593
1051.77884589
1050.86626623
1049.95423769
1049.04297662
1048.1311238
1047.21703111
1046.30372665
1045.39121116
1044.47948526
1043.56854547
1042.65838833
1041.7490145
1040.83768286
1039.92601109
1039.0151409
1038.10507284
1037.19580744
1036.28733911
1035.3796677
1034.47292823
1033.56437679
1032.65712204
1031.75116121
1030.84649156
1029.94311575
1029.04104394
1028.14024847
1027.23916269
1026.33778817
1025.43769519
1024.53888105
1023.64134306
1022.74507474
1021.85007172
1020.95633142
1020.06151845
1019.1677008
1018.26517314
1017.36341027
1016.4624347
1015.56224096
1014.66282846
1013.76346622
1012.86310817
1011.96354025
1011.0647621
1010.16677343
1009.26957229
1008.37315655
1007.47752651
1006.58121279
1005.68502382
1004.78963041
1003.89503279
1003.00123117
1002.10822129
1001.21600275
1000.3244038
999.431728218
998.539853301
997.648779215
996.758506124
995.869057144
994.980512926
994.092902952
993.20557973
992.318471236
991.432517063
990.547714926
989.664062633
988.781557997
987.900198834
987.019982963
986.139161891
985.259240209
984.380463674
983.502830099
982.626336991
981.750977656
980.876749971
980.003651818
979.131681089
978.258183222
977.381244292
976.504116274
975.626647056
974.749929911
973.873996381
972.998845782
972.124474737
971.250881314
970.378064868
969.506024758
968.634760341
967.764270973
966.894433609
966.023590796
965.153529119
964.284247905
963.4157466
962.548024298
961.681078331
960.814908715
959.949515462
959.084898576
958.221058054
957.357993881
956.494640916
955.631564985
954.769271915
953.907761642
953.047034098
952.187086584
951.327918274
950.469529034
949.611918805
948.755087522
947.899081261
947.04375971
946.188420904
945.334127956
944.480879024
943.628672272
942.777504361
941.927371566
941.078272088
940.230204132
939.383165911
938.537155641
937.692171545
936.847162534
936.002872705
935.15957765
934.317307463
933.476060192
932.634912216
931.790377074
930.946600656
930.10358228
929.261321254
928.419816888
927.578463547
926.737099866
925.896493359
925.056643312
924.217549014
923.379209747
922.541624788
921.704793389
920.868714789
920.033384821
919.198802092
918.364899538
917.530618517
916.69708719
915.864304601
915.032267941
914.200972741
913.370417898
912.540602232
911.710978876
910.881357881
910.052469393
909.224311445
908.396881592
907.570176776
906.744185505
905.918901185
905.092942617
904.267426644
903.442590779
902.618416535
901.7948862
900.971977769
900.148937448
899.325085407
898.501783379
897.678996973
896.856679332
896.034481811
895.209771747
894.385244571
893.560701669
892.735889332
891.907360136
891.077092615
890.24521455
889.407154656
888.565931466
887.718047384
886.863785547
886.001356435
885.129926387
884.249029336
883.35580148
882.449156031
881.523918489
880.569708203
879.577995342
878.531311079
877.403105572
876.170369431
874.787496377
873.219145497
871.424198349
869.386353293
867.080570445
864.54081238
861.821604128
859.032650371
856.288943843
853.730332117
851.539229412
849.838961842
848.717039434
848.224878692
848.322329965
848.935166334
849.948475215
851.169220056
852.460321823
853.718535003
854.798906366
855.613031223
856.171254042
856.454431818
856.498108684
856.324014735
855.990650424
855.531200441
854.976935346
854.35819658
853.695880301
853.00138051
852.286152608
851.55699972
850.819515075
850.073774577
849.325415063
848.571680944
847.816086321
847.058774983
846.300899518
845.54070277
844.780972047
844.01883005
843.257358994
842.496558345
841.734701307
840.972633608
840.211245391
839.450534355
838.688614513
837.927061281
837.166191964
836.406005968
835.64650269
834.887485997
834.128042444
833.369283285
832.611207904
831.853412995
831.095631143
830.338535594
829.582125692
828.826400765
828.071359068
827.316998963
826.563319771
825.809596917
825.056306419
824.303698627
823.551772698
822.800527705
822.049959993
821.300068336
820.550721213
819.801387163
819.052727115
818.304735922
817.557411223
816.810750415
816.064749561
815.319401586
814.574251211
813.829341975
813.085075772
812.341441373
811.598428019
810.856016907
810.114182222
809.372886661
808.630972358
807.889463745
807.148357245
806.407541487
805.666546032
804.924285483
804.181934004
803.439383747
802.696064868
801.950634114
801.205239615
800.457046317
799.708568521
798.956177496
798.200052086
797.436745287
796.663229466
795.874558543
795.064168914
794.220876897
793.337081311
792.406185166
791.419784685
790.380043734
789.289995038
788.165588809
787.036038876
785.927532661
784.879010231
783.925116839
783.0940023
782.392090949
781.823745474
781.375961148
781.012429142
780.704297532
780.413483108
780.10700365
779.766530105
779.368354667
778.91368502
778.402360208
777.840219988
777.238165854
776.605049423
775.948517013
775.275637099
774.591956647
773.90201438
773.207438759
772.509158091
771.810232748
771.1096234
770.409639002
769.708776612
769.007489867
768.306835834
767.606813965
766.906594482
766.206294754
765.506631792
764.807605025
764.109213348
763.411455876
762.714332047
762.01706168
761.320276113
760.624126263
759.928611554
759.233731412
758.539485265
757.845872539
757.152804952
756.460019704
755.767867934
755.076349063
754.385462512
753.695207409
753.005582765
752.316588009
751.62798931
750.939880467
750.252401307
749.565551254
748.879329735
748.193736071
747.508769125
746.824428997
746.140715112
745.4576269
744.775163789
744.093325208
743.412110452
742.731518441
742.051548611
741.37207161
740.693034428
740.014618988
739.336824722
738.659651063
737.983097444
737.307163299
736.631848052
735.957151096
735.283071867
734.6096098
733.936764333
733.2645349
732.592920939
731.921921887
731.251477594
730.581422131
729.911981037
729.243153747
728.574939695
727.907338152
727.240348272
726.573969494
725.908201261
725.243043014
724.578490153
723.914527429
723.251173085
722.588426563
721.926287141
721.264754039
720.603826707
719.943504594
719.283787147
718.624673817
717.966164052
717.308257301
716.650953015
715.994176597
715.337875499
714.68217602
714.027077608
713.372579712
712.718681782
712.065372174
711.41266069
710.760547572
710.108957351
709.457864922
708.807369913
708.157471774
707.508169958
706.859463568
706.211351825
705.563834188
704.916910113
704.270579059
703.624840484
702.979693845
702.3351386
701.691174209
701.047800131
700.405015826
699.762820755
699.121214377
698.480196155
697.83976555
697.199922024
696.560665042
695.921994064
695.283752582
694.645991207
694.00881528
693.372224261
692.736217613
692.10079432
691.465953738
690.831695334
690.198018578
689.564922937
688.93240788
688.300472877
687.669117395
687.038340904
686.408142876
685.778522779
685.149480086
684.521014267
683.893124794
683.26581274
682.639079477
682.01292096
681.387336662
680.762109036
680.137404894
679.513274451
678.889717178
678.266732544
677.6443195
677.022477505
676.401206034
675.780504564
675.160372568
674.54080952
673.921814895
673.303388166
672.685528808
672.068236294
671.451510099
670.835349698
670.219754565
669.604724174
668.99025793
668.376355104
667.763014908
667.150236594
666.537780074
665.925878401
665.314537413
664.70375639
664.093534506
663.483870569
662.874763871
662.266213704
661.658219363
661.050780147
660.443895352
659.837564323
659.231786439
658.626560883
658.021854743
657.417604674
656.813783262
656.210407473
655.607487534
655.00502332
654.403014702
653.801461553
653.200313783
652.599400338
651.998943001
651.398941631
650.79939609
650.200306032
649.601670926
649.00349064
648.405765036
647.808493978
647.212320559
646.617887122
646.023999446
645.430657033
644.837859383
644.245605998
643.653896378
643.062730027
642.472106447
641.882025141
641.292470027
640.703453627
640.114978084
639.526944383
638.939267216
638.352130516
637.765533784
637.179476521
636.593957903
636.008977181
635.424533864
634.840627457
634.257257487
633.674423484
633.092124954
632.510361406
631.929132345
631.348437279
630.768275715
630.188647158
629.609551116
629.030987095
628.452954598
627.875452931
627.298481236
626.722039023
626.145970928
625.570312323
624.995182787
624.420581826
623.846517207
623.272990688
622.699990578
622.127516124
621.555566575
620.984141195
620.413239244
619.842859979
619.273002572
618.703665794
618.134848912
617.566455274
616.99840589
616.430875264
615.863862671
615.297367388
614.731388694
614.165925875
613.600939556
613.036340214
612.472127879
611.908302577
611.344864333
610.781819264
610.219164022
609.6568953
609.094972016
608.533197446
607.971810487
607.410811143
606.850199429
606.289975355
605.730138925
605.170690133
604.611628984
604.052955485
603.495433647
602.94009641
602.385269983
601.830953399
601.277146004
600.723847331
600.170796533
599.618237211
599.06618626
598.514643208
597.963586223
597.413031473
596.862983304
596.313441243
595.764401981
595.215860092
594.667822892
594.120289894
593.573259912
593.026731806
592.480704825
591.934934036
591.389573018
590.844712147
590.300350678
589.756487867
589.213122975
588.670255266
588.127884004
587.586008459
587.04462793
586.503741697
585.963348425
585.423429174
584.884001142
584.345056943
583.806248952
583.267597128
582.72929204
582.191333791
581.653722478
581.1164582
580.579541047
580.042971109
579.506748474
578.970873196
578.435345338
577.900164981
577.365346447
576.830877765
576.296755853
575.762822759
575.228898631
574.695456732
574.165129286
573.635290581
573.105939851
572.577076329
572.048699254
571.520807868
570.993400722
570.466476839
569.940035479
569.414060766
568.888557736
568.363535115
567.838942527
567.314418866
566.790375138
566.266810615
565.743724569
565.221115979
564.698983327
564.177317931
563.655969059
563.134936861
562.614221456
562.093822996
561.573382829
561.053142781
560.533221879
560.013620256
559.494338045
558.975374341
558.456729126
557.938402532
557.420394456
556.902704654
556.385332885
555.868123767
555.350816356
554.833988476
554.320501207
553.807480428
553.294909608
552.782807361
552.271172912
551.760005491
551.249304332
550.739068669
550.229297739
549.719445958
549.209977793
548.700974313
548.192309609
547.683911827
547.175779738
546.667913644
546.160313847
545.652988018
545.145929097
544.639137236
544.132247773
543.625243131
543.11850905
542.612045794
542.105853525
541.599930895
541.094277097
540.588891981
540.083760011
539.578884622
539.076781663
538.576450628
538.075752687
537.575514713
537.07573588
536.576415366
536.077541695
535.579089761
535.081092094
534.583543608
534.08642412
533.589756636
533.093488007
532.596787253
532.099947858
531.603329092
531.106931374
530.610754968
530.114799893
529.619066167
529.123553807
528.628264191
528.133194592
527.638344566
527.143467529
526.648059068
526.152873884
525.657911994
525.163173416
524.668657295
524.175392822
523.685952675
523.196310946
522.706857011
522.217850207
521.729203926
521.240780984
520.75257926
520.264598454
519.776794622
519.288190266
518.799810636
518.311655734
517.823725564
517.336047582
516.848593303
516.361360951
515.873844421
515.385904265
514.898189241
514.410659395
513.923127158
513.435591326
512.949737508
512.466655167
511.982531751
511.498435354
511.014555232
510.530891346
510.047443567
509.564208755
509.081187005
508.59797236
508.113723802
507.629698647
507.145889852
506.662026082
506.178098832
505.694892454
505.215376526
504.734862904
504.253736394
503.772771436
503.291968167
502.811326546
502.330846192
501.850526731
501.370312437
500.888324363
500.406564373
499.924966918
499.44330242
498.961497787
498.478917571
498.0002539
497.521905185
497.043713088
496.565655108
496.087728615
495.608627981
495.128823447
494.649154313
494.169504975
493.689653437
493.209599297
492.727149951
492.244335871
491.761345771
491.278180213
490.799389423
490.321462598
489.841387785
489.361441334
488.881614801
488.401526577
487.921166995
487.438963327
486.954793194
486.470362885
485.985670109
485.502981271
485.024139824
484.542302906
484.059804756
483.577359455
483.094714566
482.611664053
482.127793773
481.639511781
481.150807687
480.661711468
480.172218645
479.689807768
479.205871502
478.71933464
478.232695934
477.745623661
477.255722089
476.763906505
476.271654561
475.77896279
475.282345841
474.784168194
474.290109662
473.799544578
473.303813741
472.807653054
472.311159947
471.813075173
471.309707253
470.805603066
470.300761976
469.792305158
469.280753228
468.774985899
468.268451704
467.760983402
467.244169884
466.72659188
466.208248323
465.694165785
465.176013573
464.654001935
464.131072192
463.600418516
463.066426491
462.534781049
462.006163271
461.46811011
460.926844713
460.382392744
459.829120948
459.276264732
458.722025941
458.162033757
457.601296749
457.02948728
456.451528224
455.867867786
455.275674763
454.668092396
454.037619291
453.367847021
452.638798251
451.839545724
450.939749259
449.935639344
448.818746169
447.656318549
446.485108489
445.397567111
444.489441252
443.782433428
443.312126617
443.02579161
442.874514765
442.731539717
442.565729326
442.309365699
441.92932235
441.438300331
440.852373041
440.193715685
439.486839695
438.737562105
437.951154124
437.144079325
436.323974128
435.471468583
434.598503479
433.720254107
432.802319246
431.869310237
430.916340246
429.929460921
428.919819418
427.8904572
426.837739573
425.744149647
424.632739865
423.503454852
422.335091536
421.14209314
419.941773963
418.730380595
417.493561631
416.251111799
415.033044094
413.844648211
412.726322135
411.64770119
410.715956889
409.972649258
409.529204863
409.492811455
409.987541397
411.052797032
412.583616025
414.269204044
415.888402813
417.112943014
417.658921698
417.196923801
415.411432168
412.063963268
406.829697528
399.329176711
389.138109256
375.39722593
357.325056199
333.774310549
303.190220493
264.745325667
219.06003091
170.040376168
124.433507869
87.0934933794
59.9025838827
41.460227194
29.4981300306
21.9028240237
17.1649007397
14.2421424037
12.6004828094
11.8962296606
11.999936387
12.9246091673
14.8504180448
18.0932523346
23.3307898011
31.4788791471
43.8766901515
62.0470818961
86.9654646649
117.587188791
151.11187956
183.677039559
212.574834742
236.745481349
256.923344406
273.736804887
288.130990158
300.581883469
311.374424347
320.991870578
329.378349513
336.870714856
343.578555074
349.51378967
354.844207296
359.601047782
363.904757979
367.755606312
371.245268919
374.421962973
377.253339283
379.843538836
382.230068099
384.341257139
386.292112176
388.080772875
389.649078686
391.143666796
392.434116612
393.677158395
394.766243887
395.778326613
396.698131212
397.530468226
398.263100534
398.95178482
399.590517009
400.144062081
400.651642395
401.131171263
401.51483119
401.889451897
402.215501277
402.492049125
402.766550865
402.960850214
403.145707054
403.319755788
403.463386803
403.559529116
403.646521966
403.73271179
403.76293373
403.780375154
403.795475634
403.797873256
403.758344753
403.71299667
403.662919513
403.611004147
403.5121213
403.41892254
403.324515422
403.208286621
403.068479044
402.927125386
402.780989924
402.635318601
402.495855414
402.318516135
402.131580221
401.948813491
401.757873777
401.570748966
401.386431571
401.164758761
400.945895474
400.72695269
400.505355504
400.28718081
400.058896286
399.810256892
399.563517139
399.314716226
399.065459185
398.818654642
398.570254749
398.323455033
398.062347959
397.789466715
397.517892518
397.248584379
396.975506727
396.704611532
396.435421265
396.161723104
395.872919053
395.584366414
395.294446381
395.006290856
394.719795354
394.433056759
394.145705516
393.850515088
393.547778913
393.24369796
392.939866043
392.637714168
392.336887995
392.034386499
391.733566456
391.434164513
391.135192372
390.835763195
390.522903345
390.210903969
389.897601857
389.584411593
389.272455004
388.961764192
388.650227882
388.340256782
388.028511382
387.70807811
387.386438007
387.064935507
386.744345472
386.424594141
386.104358899
385.783994501
385.464416683
385.145692931
384.825929789
384.507154753
384.189874257
383.87409887
383.549253256
383.220829259
382.893268676
382.565813322
382.236909209
381.907686455
381.575367389
381.238299895
380.895485012
380.546103021
380.190752674
379.834838233
379.479911163
379.136071714
378.808711413
378.492968133
378.187721582
377.891020041
377.596999154
377.30078506
376.998189698
376.688883797
376.372886844
376.053760104
375.731186781
375.406881271
375.083182338
374.758637738
374.434482101
374.111281885
373.787871125
373.459108607
373.129695251
372.800882732
372.472670281
372.145057146
371.818052179
371.491651847
371.165244126
370.83894532
370.51323968
370.188115965
369.863575614
369.539140871
369.214861341
368.891077944
368.561902309
368.232991092
367.904425166
367.57641539
367.248481729
366.920780774
366.593635474
366.267049994
365.941022394
365.615546124
365.289863667
364.964633072
364.639955241
364.315859089
363.992321594
363.669332846
363.34689212
363.024752417
362.702593692
362.380955409
362.05829544
361.732553708
361.407109968
361.081963685
360.757115337
360.432259792
360.107680416
359.7835724
359.45996999
359.13687207
358.814276166
358.492181099
358.170525327
357.848810357
357.527594643
357.206877945
356.886659308
356.566937665
356.247711951
355.928981098
355.610451239
355.29211762
354.974369761
354.655148345
354.334095381
354.013332812
353.692860642
353.372678761
353.052255513
352.732089504
352.412229813
352.092661071
351.773383276
351.454396559
351.135701173
350.817297336
350.499183653
350.181356719
349.863396378
349.545821605
349.228679555
348.911967055
348.595675988
348.279793713
347.964302701
347.649157858
347.333939171
347.019045813
346.704464332
346.390233344
346.076394855
345.763002675
345.450108238
345.13769807
344.825117791
344.5130686
344.200793948
343.886802957
343.571677745
343.255873956
342.937351021
342.614222928
342.284436039
341.945263827
341.597033193
341.241873344
340.886631152
340.541344482
340.213931379
339.90944263
339.627065535
339.358223268
339.093972886
338.826837372
338.550134368
338.264238304
337.969318645
337.668953302
337.365017735
337.05925798
336.75256511
336.446060019
336.138956208
335.832131108
335.525582864
335.219302133
334.913299436
334.607209536
334.301338128
333.9957457
333.690432001
333.385396115
333.080637664
332.776156864
332.471921235
332.167768854
331.863893823
331.560295894
331.25683576
330.953544946
330.65053143
330.347794958
330.045334943
329.743150646
329.441241819
329.139607364
328.838246589
328.537160547
328.23634899
327.93551607
327.634897738
327.334554566
327.034486294
326.734692667
326.435172611
326.135925628
325.836951232
325.53823799
325.239796129
324.941625489
324.643575039
324.345573935
324.04784335
323.750382819
323.453191878
323.156270065
322.859616923
322.563231997
322.267125785
321.971295561
321.675732125
321.38043503
321.085025781
320.789768897
320.494667124
320.199720643
319.904945105
319.610325471
319.315861593
319.021414325
318.726926666
318.432595876
318.138422116
317.844405541
317.550546302
317.25684428
316.963299304
316.669911205
316.376679305
316.083603303
315.791158067
315.500300348
315.20970207
314.919367684
314.629296653
314.339488374
314.049941709
313.760656118
313.471508597
313.182425507
312.893603127
312.605040945
312.316736749
312.02855871
311.740480669
311.452502975
311.164373538
310.876274732
310.588278143
310.30038378
310.012591652
309.724900902
309.437311525
309.149789921
308.862062424
308.574427313
308.286894925
307.999465271
307.712138093
307.424912724
307.137789189
306.853048751
306.568993338
306.285194268
306.001650721
305.718356034
305.435151737
305.15203525
304.869006117
304.585611747
304.302292798
304.019063031
303.735922495
303.452871046
303.169907725
302.887032591
302.604100752
302.320891622
302.037772451
301.754742958
301.471802863
301.188807266
300.905725106
300.622653047
300.34228395
300.061815247
299.781424326
299.501110323
299.220877798
298.940723856
298.660646451
298.38053793
298.099938965
297.819416866
297.53897139
297.258602303
296.978191669
296.697665833
296.417024865
296.138741549
295.860806715
295.582929143
295.305108584
295.027344795
294.749636429
294.47144353
294.193208746
293.914993893
293.636635205
293.358132841
293.079362739
292.799839067
292.520174556
292.240369547
291.962740192
291.686551117
291.410039433
291.133106952
290.856221004
290.579195131
290.301975308
290.024560735
289.746250519
289.467496578
289.188551948
288.910165772
288.634846992
288.359477697
288.083045448
287.806619272
287.530135841
287.253420322
286.976469838
286.698873136
286.420204326
286.14130464
285.862173636
285.58651659
285.311675045
285.035688595
284.758970871
284.482039633
284.20489556
283.927539011
283.649968364
283.370431485
283.090389642
282.809892104
282.530710495
282.254115378
281.977031733
281.698312679
281.419375879
281.140062764
280.859621827
280.577863644
280.298910271
280.020627269
279.740993022
279.460460043
279.179652024
278.898303749
278.614776385
278.331251629
278.05120436
277.770825744
277.487989051
277.204604141
276.920698791
276.635696405
276.348253031
276.063373459
275.78033124
275.495446302
275.20847157
274.92097263
274.632949401
274.342385116
274.049791957
273.761587638
273.473127074
273.181054596
272.887738019
272.593714204
272.30010521
272.005891398
271.711229479
271.415296706
271.11570068
270.815461552
270.51625782
270.21593113
269.915142986
269.611612143
269.304894743
268.997718975
268.690853223
268.382282599
268.073452549
267.759601875
267.444387247
267.132900823
266.814683218
266.495925824
266.176822952
265.851367275
265.528766827
265.204815082
264.873664125
264.543302998
264.212569287
263.878460264
263.542199386
263.20310211
262.861027887
262.517213311
262.170014235
261.823283276
261.468611729
261.117747864
260.764505081
260.411277505
260.050606194
259.692291436
259.334172394
258.97240736
258.61425539
258.25664021
257.899413121
257.549953832
257.201303318
256.864909831
256.5413902
256.229562538
255.951433918
255.689963864
255.479201996
255.325455156
255.228661564
255.226818791
255.342060898
255.582994091
255.994868232
256.611862498
257.478563607
258.638197068
260.161072589
262.110410557
264.567277438
267.625128825
271.377036093
275.960286463
281.482920856
287.943193192
295.130404633
302.608132164
309.83032083
316.284596031
321.599809258
325.454935853
327.48112193
327.450675741
324.944020916
319.641215127
311.087164267
298.82472543
282.396064746
261.196973824
234.506218213
201.508030317
162.644222461
120.442135253
81.2728847349
50.9751184221
31.1579159657
19.4293702072
12.8789354775
9.30474003415
7.42046169572
6.5891152466
6.53620967849
7.23220771515
8.88515475341
11.9563318247
17.3578169359
26.3250546467
39.9331364887
57.9043296865
77.9376862909
97.0989392749
113.91187965
128.179245959
140.383591453
150.91798346
160.168953144
168.288020627
175.45364532
181.765353897
187.381667736
192.396139774
196.839819738
200.776620088
204.288580372
207.486159536
210.294648082
212.85233031
215.165939483
217.245208076
219.125828459
220.819256618
222.303914438
223.701870457
224.977160568
226.093920006
227.140437028
228.09267559
228.931545822
229.718097265
230.426720837
231.044423291
231.641879183
232.157822072
232.65479948
233.071612498
233.482004524
233.823969006
234.153805936
234.433343976
234.700423928
234.909455564
235.107110786
235.311931729
235.465109992
235.611402581
235.714212695
235.805107412
235.905579695
235.97186059
236.016065989
236.067906219
236.099505502
236.106664847
236.120294354
236.121767129
236.099370906
236.078189903
236.057464535
236.00264645
235.952827874
235.905527998
235.850885494
235.772265775
235.697629797
235.62561318
235.542536273
235.445294277
235.350210258
235.257553241
235.14824767
235.028912255
234.911830066
234.798987848
234.686341885
234.577127793
234.441205707
234.30424853
234.170761094
234.040003899
233.909967452
233.774533277
233.624371924
233.475371516
233.329300727
233.184966172
233.042282603
232.887654833
232.727591191
232.569088422
232.413304677
232.258428103
232.105069535
231.934980478
231.764696923
231.596082845
231.42913463
231.262461044
231.098231804
230.935986769
230.76707901
230.589753304
230.413240268
230.237226532
230.062754565
229.890118198
229.718537613
229.548330207
229.368048846
229.186633285
229.005479637
228.82533205
228.646527878
228.4691413
228.291670908
228.112942157
227.926391989
227.740860828
227.555821408
227.3720569
227.189499093
227.007808622
226.826887815
226.640073807
226.449653849
226.259404116
226.069587629
225.880894705
225.693312915
225.506209311
225.320012895
225.13492275
224.951040623
224.76743437
224.582518876
224.390561801
224.199028345
224.007624571
223.817023805
223.627402967
223.438346881
223.2500513
223.062736472
222.876400007
222.689532107
222.496707698
222.303877092
222.111611503
221.919886162
221.728661105
221.537882483
221.347097863
221.156582957
220.96649306
220.777242079
220.58860479
220.396053314
220.201356832
220.007359054
219.813936356
219.620620311
219.427868077
219.235449426
219.04279
218.84962509
218.653791645
218.452149821
218.240627996
218.015444301
217.778983287
217.541930525
217.320513982
217.124871119
216.959015601
216.813691309
216.670998618
216.518648634
216.35163016
216.173375532
215.988076559
215.799574729
215.610002254
215.420234578
215.230461096
215.040995576
214.851997113
214.663466205
214.475245859
214.287318346
214.095289019
213.902270182
213.709672889
213.517429495
213.325341852
213.133563526
212.941979639
212.750442774
212.558837298
212.366863464
212.175004297
211.983604395
211.792980944
211.603302821
211.414301108
211.22604915
211.038435151
210.850959014
210.663832226
210.473960719
210.280220673
210.083397757
209.877649224
209.652977311
209.395717005
209.096240484
208.763306677
208.432408221
208.155900053
207.973772899
207.883973902
207.844377902
207.802597271
207.724416063
207.603384943
207.450074463
207.278768478
207.099347056
206.917086016
206.73368653
206.550095942
206.366736966
206.182180271
205.994864819
205.80772024
205.620742038
205.433854725
205.246915454
205.060095769
204.873384055
204.68678962
204.500279938
204.314008742
204.128134419
203.942668946
203.757601399
203.572909533
203.388531166
203.204336677
203.020478681
202.836953329
202.653347033
202.469429632
202.284366733
202.09608498
201.902890591
201.703770698
201.501221838
201.301594883
201.112614591
200.935929041
200.770456708
200.609232055
200.445257499
200.275032269
200.099228108
199.919912084
199.73883429
199.557030601
199.375296161
199.193467243
199.01192394
198.830648226
198.649550481
198.46874795
198.288239871
198.108025482
197.928104019
197.7484747
197.569136625
197.390082096
197.211230243
197.032666438
196.854389265
196.676397461
196.498690186
196.321266809
196.144127284
195.967271647
195.788292035
195.609276667
195.430423982
195.251734213
195.073207012
194.894841778
194.716635739
194.538581813
194.360640688
194.18271909
194.004834001
193.826918779
193.648942626
193.470952657
193.293080406
193.115392721
192.938075662
192.76115662
192.584583969
192.408278408
192.232007278
192.056019201
191.880126055
191.704245898
191.527672125
191.348998672
191.164657367
190.968338398
190.75227349
190.514418747
190.26632569
190.03339878
189.843386899
189.704779437
189.60183044
189.504780503
189.391437301
189.255423931
189.101495444
188.935810513
188.765784291
188.594177423
188.422064211
188.249865511
188.077704059
187.905677452
187.733676432
187.561832409
187.390145245
187.218614704
187.047161754
186.875828224
186.704651374
186.533631065
186.362767206
186.192059729
186.021508564
185.85109731
185.680800586
185.510662679
185.340681605
185.170856552
185.001187448
184.831674221
184.662316824
184.493115184
184.324069225
184.155145424
183.986352877
183.817716045
183.649234849
183.480909209
183.312754783
183.144779605
182.976983418
182.80936597
182.641927007
182.474666279
182.307571089
182.140601354
181.973809401
181.807194979
181.640767482
181.474517234
181.308443598
181.142546328
180.976825177
180.811279903
180.64591026
180.480716006
180.315341497
180.149944343
179.984698668
179.819604335
179.654661218
179.489869188
179.325228107
179.160738596
178.996399992
178.832211919
178.668174241
178.504270811
178.340488344
178.176855892
178.013373317
177.850040483
177.686857251
177.523823483
177.360939042
177.198163475
177.035525508
176.87303663
176.710700763
176.548516936
176.386481687
176.224594844
176.062856266
175.90126581
175.739823335
175.578528697
175.417378373
175.256317155
175.095403426
174.934636842
174.774017064
174.613543753
174.453216546
174.293028671
174.132974182
173.973064835
173.813300238
173.653680068
173.494184511
173.33482192
173.175602936
173.016527243
172.857594529
172.698804335
172.540156329
172.381695154
172.223259963
172.064892947
171.906594302
171.7483642
171.590193466
171.432091101
171.274057743
171.116075133
170.958137967
170.800270536
170.64247369
170.48474745
170.327091317
170.16950542
170.011989926
169.854490429
169.697052614
169.539685468
169.382758425
169.227031979
169.071446555
168.915993556
168.760628064
168.605399992
168.450311289
168.295361379
168.140549584
167.985875363
167.831338354
167.676938308
167.522621849
167.368426298
167.214366971
167.060454739
166.906586968
166.752741094
166.59891733
166.445047769
166.291171369
166.137314443
165.983468394
165.829607383
165.675725727
165.521803914
165.367799792
165.213764806
165.059768507
164.905852285
164.752027723
164.598249075
164.44446056
164.290692179
164.138858293
163.987440161
163.836097272
163.684887502
163.533271586
163.380695736
163.225698141
163.065269263
162.89655096
162.719903828
162.542811577
162.377156938
162.231599422
162.102745735
161.978717549
161.84962159
161.711414272
161.566191115
161.417112394
161.266380047
161.115259139
160.963829103
160.813524038
160.664471317
160.515386045
160.366268165
160.21707623
160.067723213
159.918335846
159.76891376
159.619457517
159.469864041
159.320165352
159.17029842
159.020219315
158.869928298
158.719259219
158.568371901
158.417271374
158.26637125
158.117859015
157.969289797
157.820662747
157.671900758
157.522875278
157.373588109
157.224036577
157.074097631
156.923787496
156.773218689
156.622396548
156.473772837
156.325667528
156.177255282
156.028534545
155.879214034
155.729561267
155.579584296
155.429252805
155.278296546
155.126776325
154.974608772
154.822973779
154.673618656
154.523709157
154.373256365
154.222186544
154.070262728
153.917543022
153.764188849
153.612912823
153.461954532
153.310302662
153.157466965
153.003855575
152.84954582
152.693538143
152.537052782
152.383831599
152.229193256
152.073709001
151.916763652
151.758138523
151.598094495
151.44099625
151.282244018
151.121193078
150.95810408
150.793834136
150.631192346
150.466202798
150.299793841
150.130933545
149.960556024
149.793962525
149.625240346
149.453131549
149.277020794
149.097922678
148.920867035
148.737002301
148.540698749
148.320590231
148.033718456
147.626217362
147.076461447
146.479567547
146.013399275
145.841512868
145.953067353
146.16370216
146.297081724
146.291711489
146.168929069
145.983888667
145.775799802
145.552933025
145.329067343
145.100155136
144.881741577
144.673591613
144.502211804
144.394607811
144.419839023
144.735847916
145.69191612
147.790167388
151.131714059
155.286615208
159.797002085
164.410019889
168.986382786
173.438952767
177.688679863
181.628962849
185.091999997
187.806594733
189.470883454
189.888818912
188.876516267
185.955300405
179.841518001
167.439453258
142.412563127
101.309352955
58.4598727296
30.7115188243
17.1089513307
11.1213240296
8.7917001379
8.58296632589
10.3172040039
14.9637265115
24.9348437378
43.1579415375
67.782612313
89.6892124523
103.884813289
112.462356341
118.106926624
122.170268004
125.216742572
127.583437792
129.457537025
130.941840396
132.147839334
133.148732744
133.963336397
134.641125891
135.201946516
135.661368703
136.039117155
136.346223133
136.615039943
136.844333099
137.037964801
137.217802263
137.341196432
137.454897017
137.526501094
137.598027822
137.634349905
137.668050628
137.67868066
137.683323096
137.669520138
137.657685009
137.629600429
137.596218983
137.561555062
137.511269783
137.462495637
137.402549078
137.33662859
137.272307058
137.209794915
137.133726882
137.055333193
136.978494324
136.903012555
136.812267489
136.7223864
136.634035948
136.546846392
136.460908959
136.362446682
136.264537864
136.167624241
136.071793074
135.976864285
135.874443821
135.772649167
135.671822132
135.565518842
135.458042684
135.350759614
135.244606661
135.139336865
135.034823077
134.929971796
134.818392557
134.707617536
134.597353186
134.487508357
134.378446652
134.269969314
134.158019695
134.044314001
133.931027271
133.818273953
133.705651054
133.593514446
133.481996685
133.369405208
133.253128641
133.137389231
133.021997477
132.907056333
132.792690986
132.678816568
132.56532054
132.45241525
132.338714984
132.220911881
132.101897743
131.97855061
131.84451392
131.692855147
131.526708358
131.366996047
131.241634299
131.158359068
131.095774311
131.026743128
130.938701325
130.832191595
130.718681759
130.602712066
130.486264823
130.369844909
130.253507522
130.137437826
130.021578642
129.905868252
129.790406147
129.675176206
129.560231538
129.445663384
129.331047785
129.214005562
129.097076638
128.98036463
128.86387322
128.747564672
128.631411015
128.515476021
128.399762905
128.284158467
128.168771334
128.053600748
127.938646135
127.823916388
127.709302793
127.594903655
127.478634902
127.362241043
127.245934505
127.129732891
127.013636084
126.897581231
126.781627464
126.665778158
126.550022789
126.434305313
126.318691816
126.203181627
126.087742852
125.97234561
125.857049999
125.741855451
125.626721159
125.511654676
125.396687367
125.281818467
125.166991117
125.052223047
124.937549158
124.822972725
124.70846136
124.593965954
124.479557405
124.365205905
124.25082281
124.136338492
124.021775897
123.90713594
123.792308871
123.677409271
123.562394726
123.44717004
123.331861621
123.216403105
123.100529539
122.984296887
122.867534714
122.750393188
122.632779199
122.514452139
122.395319385
122.275289788
122.15559487
122.037503218
121.918793927
121.799382592
121.67932362
121.55835463
121.435812888
121.311648668
121.185096593
121.055757544
120.927148057
120.793893845
120.654245187
120.505780368
120.345208579
120.17226659
119.998435643
119.84671969
119.748183749
119.712879597
119.742742642
119.817825832
119.913790441
120.006017781
120.075928712
120.110948622
120.13096368
120.131382339
120.123860465
120.094988572
120.024536508
119.804531728
118.932497707
115.60957452
106.024554646
88.4794766588
69.4646877175
56.8861286888
53.1247534444
58.1200007233
71.4540850129
89.6056002895
104.697607987
112.40410486
115.153510664
116.036486469
116.364518745
116.513966142
116.584529012
116.606053676
116.594739319
116.564512486
116.521226274
116.463032593
116.398841033
116.323885441
116.246946918
116.164652457
116.074845836
115.984307793
115.893707154
115.803509717
115.707106239
115.609597405
115.51180925
115.413328354
115.313282283
115.2119851
115.111202456
115.009755413
114.909251831
114.807246923
114.692308995
114.538979505
114.307770216
113.986927268
113.660124758
113.477889618
113.506174422
113.64680487
113.748609416
113.755990671
113.694812321
113.604065192
113.504490824
113.402794792
113.300519758
113.198143745
113.095759981
112.993344921
112.891018464
112.788773442
112.686579283
112.584535713
112.482589358
112.380744563
112.279022169
112.176730301
112.074055516
111.971430303
111.868875042
111.766412507
111.663970424
111.561634398
111.459390745
111.357205401
111.255073026
111.153028215
111.051039756
110.949084256
110.847191443
110.745361762
110.643602867
110.541904055
110.44023964
110.338664013
110.237177223
110.13572858
110.034353141
109.933056808
109.831810355
109.730588852
109.629421349
109.528209623
109.426587231
109.323700745
109.21795962
109.108114288
108.995182162
108.882467588
108.772942653
108.667488033
108.564609009
108.462656732
108.360837607
108.258731649
108.156041421
108.05254611
107.947616149
107.83989337
107.723767586
107.573925469
107.291161216
106.61955247
105.233773845
103.268317966
101.696936658
101.608339592
103.008328407
104.799227572
105.99910335
106.477891564
106.561470404
106.512009905
106.428872233
106.337613186
106.243412675
106.147884606
106.051417281
105.954453149
105.857074078
105.75940215
105.661534662
105.563502173
105.465285889
105.366866808
105.268216866
105.169391621
105.070359718
104.972619533
104.875168352
104.777538262
104.679740763
104.581625581
104.483209867
104.384721339
104.286341583
104.18797803
104.089623223
103.991128503
103.892434604
103.793582667
103.695255829
103.598258406
103.50114625
103.403798184
103.305990661
103.206618709
103.101679435
102.97817255
102.814037233
102.603518084
102.396802864
102.276255184
102.262544121
102.287162627
102.276761057
102.218352888
102.133132703
102.038601795
101.941483171
101.843454908
101.74484158
101.645862853
101.547928542
101.450649566
101.352942921
101.254705233
101.15608946
101.057013767
100.957465182
100.859422195
100.76140196
100.662901225
100.563966267
100.464416668
100.364333784
100.264977021
100.166511049
100.067598897
99.9681509364
99.8678175539
99.7668641168
99.6658323234
99.5667037929
99.4669010466
99.3661418053
99.2646534689
99.1620957369
99.0588349685
98.957659535
98.8554800847
98.7523464793
98.6479075091
98.5784380543
98.5077449825
98.4347538521
98.3589613624
98.2825156902
98.2049697268
98.1248079935
98.0414114599
97.9577964401
97.8716746956
97.7790016024
97.6710016179
97.5368979657
97.3759282945
97.2223688275
97.1234175436
97.0830171371
97.048548472
129.872639966
129.705284441
129.526778135
129.350734871
129.178444252
129.009038358
128.848014553
128.690599467
128.539315267
128.392719236
128.250802184
128.115085196
127.981624119
127.854723015
127.729745372
127.607607163
127.487653469
127.368283748
103684.47743
