235555.014913
235343.421722
235132.02266
234920.817549
234709.806213
234498.988472
234288.36415
234077.93307
233867.695055
233655.304455
233442.452171
233229.795065
233017.332958
232805.06567
232592.993024
232381.11484
232169.430941
231957.941148
231746.645283
231535.543169
231324.634629
231113.919483
230903.397556
230693.06867
230482.932648
230272.989313
230063.238489
229853.679999
229644.313667
229435.139317
229226.156772
229017.365857
228808.766396
228600.358214
228392.141136
228184.114985
227976.279587
227768.634767
227561.180349
227353.91616
227146.842024
226939.957768
226733.263218
226526.758198
226320.442537
226114.31606
225908.378594
225702.629965
225497.07
225291.698527
225086.515373
224881.520365
224676.71333
224472.094096
224267.657915
224063.382997
223859.29542
223655.395013
223451.681604
223248.155022
223044.815095
222841.661652
222638.694519
222435.913527
222233.318506
222030.909286
221828.685697
221626.647568
221424.79473
221223.127013
221021.643964
220820.345681
220619.23201
220418.302783
220217.557829
220016.996981
219816.620069
219616.426924
219416.417379
219216.591264
219016.948412
218817.488654
218618.211823
218419.117752
218220.206271
218021.477214
217822.930415
217624.565704
217426.382917
217228.381885
217030.562442
216832.924422
216635.467659
216438.191985
216241.097236
216044.183245
215847.449846
215650.896874
215454.524164
215258.33155
215062.318867
214866.48595
214670.832634
214475.358755
214280.064148
214084.948649
213890.012093
213695.254316
213500.675155
213306.274446
213112.052025
212918.007728
212724.141393
212530.452855
212336.941953
212143.608524
211950.452403
211757.47343
211564.671441
211372.046274
211179.597768
210987.325759
210795.230087
210603.31059
210411.567105
210219.999473
210028.607531
209837.391118
209646.350073
209455.484237
209264.793447
209074.277544
208883.936367
208693.769756
208503.777551
208313.959592
208124.315719
207934.845773
207745.549594
207556.427022
207367.4779
207178.702067
206990.099364
206801.669633
206613.412715
206425.32845
206237.416682
206049.677251
205862.109999
205674.71477
205487.491404
205300.439744
205113.559634
204926.850915
204740.313431
204553.947025
204367.751539
204181.726817
203995.872702
203810.189039
203624.67567
203439.306421
203254.096147
203069.055767
202884.185126
202699.484067
202514.952436
202330.590077
202146.396816
201962.372268
201778.516527
201594.829438
201411.310847
201227.960599
201044.778541
200861.764516
200678.918373
200496.239955
200313.729111
200131.385686
199949.209526
199767.200478
199585.358389
199403.683106
199222.174476
199040.832346
198859.656563
198678.646975
198497.803429
198317.125773
198136.613855
197956.267523
197776.086626
197596.07101
197416.220526
197236.53502
197057.014343
196877.658343
196698.466869
196519.43977
196340.576895
196161.878093
195983.343215
195804.97211
195626.764628
195448.720618
195270.839931
195093.122417
194915.567926
194738.176309
194560.947417
194383.881099
194206.977208
194030.235595
193853.656109
193677.238603
193500.982929
193324.888937
193148.95648
192973.185409
192797.575576
192622.126834
192446.839035
192271.712031
192096.745674
191921.939818
191747.294315
191572.809018
191398.483781
191224.318456
191050.312897
190876.466957
190702.78049
190529.25335
190355.88539
190182.676465
190009.626429
189836.735135
189664.002439
189491.428196
189319.012259
189146.754483
188974.654724
188802.712837
188630.928676
188459.302098
188287.832957
188116.52111
187945.366411
187774.368718
187603.527884
187432.843767
187262.316222
187091.945106
186921.730276
186751.671588
186581.768899
186412.022066
186242.430945
186072.995395
185903.715273
185734.590436
185565.620741
185396.806047
185228.146211
185059.641091
184891.290545
184723.085711
184555.007893
184387.08429
184219.314761
184051.699165
183884.237359
183716.929204
183549.774558
183382.77312
183215.924812
183049.229591
182882.687318
182716.297852
182550.061052
182383.97678
182218.044894
182052.265255
181886.637723
181721.16216
181555.838425
181390.666379
181225.645883
181060.776799
180896.058987
180731.492308
180567.076624
180402.811796
180238.697686
180074.734157
179910.921068
179747.258284
179583.745665
179420.383074
179257.170374
179094.107427
178931.194095
178768.430241
178605.815729
178443.350422
178281.034181
178118.866872
177956.848356
177794.978498
177633.257161
177471.68421
177310.259507
177148.982917
176987.854305
176826.873534
176666.040468
176505.354973
176344.816913
176184.426153
176024.182557
175864.085991
175704.13632
175544.333408
175384.677123
175225.167328
175065.803889
174906.586673
174747.515546
174588.590372
174429.811019
174271.177353
174112.689239
173954.346545
173796.149137
173638.096882
173480.189647
173322.427298
173164.809703
173007.33673
172850.008244
172692.824115
172535.784209
172378.888394
172222.136538
172065.528509
171909.064175
171752.743405
171596.566066
171440.532027
171284.641156
171128.893323
170973.288396
170817.826244
170662.506736
170507.329741
170352.295129
170197.402768
170042.652528
169888.044279
169733.57789
169579.253232
169425.070174
169271.028586
169117.12834
168963.369304
168809.75135
168656.274348
168502.93817
168349.742684
168196.687764
168043.77328
167890.999102
167738.365103
167585.859554
167433.490974
167281.262213
167129.173144
166977.223637
166825.413566
166673.742802
166522.211217
166370.818684
166219.565075
166068.450262
165917.474119
165766.636518
165615.937333
165465.376435
165314.953556
165164.668612
165014.521576
164864.512322
164714.640723
164564.906653
164415.309987
164265.850597
164116.528359
163967.343146
163818.294833
163669.383293
163520.608402
163371.970035
163223.468065
163075.102369
162926.87282
162778.779294
162630.821666
162482.999812
162335.313607
162187.762927
162040.347647
161893.067643
161745.92279
161598.912966
161452.038047
161305.297907
161158.692425
161012.221475
160865.884936
160719.682683
160573.614593
160427.680544
160281.880412
160136.214075
159990.68141
159845.282294
159700.016604
159554.884219
159409.885016
159265.018873
159120.285667
158975.685278
158831.217583
158686.882459
158542.679787
158398.609444
158254.671309
158110.86526
157967.191177
157823.648938
157680.238423
157536.95951
157393.81208
157250.79601
157107.911182
156965.157473
156822.534765
156680.042937
156537.681869
156395.451441
156253.351533
156111.382026
155969.542799
155827.833734
155686.254711
155544.80561
155403.486313
155262.296701
155121.236653
154980.306053
154839.50478
154698.832717
154558.289743
154417.875741
154277.590593
154137.43418
153997.406384
153857.507088
153717.736172
153578.093521
153438.579015
153299.192537
153159.933971
153020.803198
152881.800102
152742.924564
152604.17647
152465.5557
152327.062139
152188.68719
152050.422566
151912.284846
151774.273915
151636.389655
151498.631951
151361.000687
151223.495746
151086.117013
150948.864371
150811.737706
150674.736901
150537.861842
150401.112412
150264.488497
150127.989953
149991.616504
149855.368224
149719.245
149583.246715
149447.373257
149311.624509
149176.000358
149040.500686
148905.12538
148769.874327
148634.747414
148499.744528
148364.865554
148230.110379
148095.478888
147960.97097
147826.58651
147692.325395
147558.187512
147424.172748
147290.28099
147156.512124
147022.866039
146889.342622
146755.94176
146622.663341
146489.507252
146356.473381
146223.561616
146090.771846
145958.103957
145825.557839
145693.133379
145560.830466
145428.648989
145296.588835
145164.649895
145032.832056
144901.135207
144769.559238
144638.104038
144506.769495
144375.555499
144244.46194
144113.488707
143982.635689
143851.902777
143721.28986
143590.796828
143460.423571
143330.169979
143200.035943
143070.021352
142940.126098
142810.35007
142680.69316
142551.155258
142421.736254
142292.43604
142163.254507
142034.191546
141905.247049
141776.420905
141647.713008
141519.123248
141390.651517
141262.297706
141134.061709
141005.943415
140877.942719
140750.059511
140622.293684
140494.64513
140367.113741
140239.69941
140112.402029
139985.221492
139858.15769
139731.210517
139604.379866
139477.66563
139351.067701
139224.585975
139098.220343
138971.970699
138845.836937
138719.818951
138593.916634
138468.12988
138342.458584
138216.902638
138091.447515
137966.105727
137840.879002
137715.767235
137590.770321
137465.888154
137341.120629
137216.467641
137091.929084
136967.504854
136843.194846
136718.998955
136594.917076
136470.949105
136347.094937
136223.354467
136099.727592
135976.214208
135852.814209
135729.527492
135606.353954
135483.293489
135360.345988
135237.511187
135114.78915
134992.179773
134869.682953
134747.298577
134625.026518
134502.866672
134380.818936
134258.883206
134137.059382
134015.347359
133893.747037
133772.258311
133650.88108
133529.615241
133408.460693
133287.417333
133166.485059
133045.66377
132924.953363
132804.353737
132683.86479
132563.486591
132443.219358
132323.062534
132203.016016
132083.079704
131963.253496
131843.537291
131723.930989
131604.434488
131485.047688
131365.770488
131246.602788
131127.544488
131008.595485
130889.755682
130771.024977
130652.40327
130533.890461
130415.486451
130297.191139
130179.004426
130060.926212
129942.956398
129825.094884
129707.341571
129589.696359
129472.15915
129354.729844
129237.408342
129120.194545
129003.088355
128886.089673
128769.198401
128652.414438
128535.737688
128419.168052
128302.705431
128186.349728
128070.100844
127953.958681
127837.923142
127721.994128
127606.171542
127490.455287
127374.845263
127259.341374
127143.943523
127028.651612
126913.465544
126798.385222
126683.410534
126568.541239
126453.777399
126339.118918
126224.565699
126110.117646
125995.774661
125881.53665
125767.403514
125653.375158
125539.451487
125425.626773
125311.899052
125198.275751
125084.756773
124971.342024
124858.031408
124744.824829
124631.722191
124518.7234
124405.82836
124293.036975
124180.349152
124067.764794
123955.283806
123842.906095
123730.631565
123618.460121
123506.391669
123394.426115
123282.563364
123170.80331
123059.145844
122947.590871
122836.138298
122724.788029
122613.539971
122502.394032
122391.350116
122280.40813
122169.567981
122058.829576
121948.192821
121837.657622
121727.223888
121616.891523
121506.660437
121396.530535
121286.501725
121176.137614
121065.175551
120954.315342
120843.556893
120732.90011
120622.3449
120511.891169
120401.538826
120291.287776
120181.137927
120071.089185
119961.141459
119851.294655
119741.54868
119631.903442
119522.358849
119412.914808
119303.571227
119194.328014
119085.185076
118976.142322
118867.19966
118758.356997
118649.614242
118540.971303
118432.428089
118323.984508
118215.640468
118107.395879
117999.250649
117891.204686
117783.2579
117675.4102
117567.661494
117460.011692
117352.460703
117245.008437
117137.654802
117030.399708
116923.243065
116816.184783
116709.22477
116602.362938
116495.599195
116388.933451
116282.365618
116175.895604
116069.523321
115963.248678
115857.071586
115750.991955
115645.009695
115539.124718
115433.336934
115327.646253
115222.052456
115116.555521
115011.155423
114905.852073
114800.645382
114695.535262
114590.521624
114485.604379
114380.783439
114276.058715
114171.430119
114066.897564
113962.46096
113858.12022
113753.867768
113649.71086
113545.649565
113441.683797
113337.813467
113234.038488
113130.358773
113026.774234
112923.284783
112819.890334
112716.590799
112613.386091
112510.276123
112407.260808
112304.340059
112201.513789
112098.781913
111996.144342
111893.60099
111791.151771
111688.796599
111586.535387
111484.368049
111382.294498
111280.314649
111178.428416
111076.635713
110974.936453
110873.330552
110771.817922
110670.39848
110569.072139
110467.838813
110366.698418
110265.650868
110164.696078
110063.833962
109963.064436
109862.387415
109761.802813
109661.310547
109560.91053
109460.602679
109360.386909
109260.263134
109160.231272
109060.291237
108960.442945
108860.686311
108761.021253
108661.447685
108561.965525
108462.574687
108363.275088
108264.066645
108164.949273
108065.922889
107966.98741
107868.142751
107769.388831
107670.725565
107572.15287
107473.670663
107375.278861
107276.977381
107178.76614
107080.645056
106982.614045
106884.673024
106786.821912
106689.060626
106591.389083
106493.8072
106396.314897
106298.912089
106201.598696
106104.374635
106007.239743
105910.19391
105813.237164
105716.369423
105619.590605
105522.900629
105426.299413
105329.786875
105233.362934
105137.027509
105040.780519
104944.621882
104848.551517
104752.569342
104656.675278
104560.869243
104465.151157
104369.520938
104273.978506
104178.52378
104083.15668
103987.877126
103892.685036
103797.580332
103702.562932
103607.632756
103512.789725
103418.033758
103323.364775
103228.777294
103134.271695
103039.852861
102945.520712
102851.275167
102757.116148
102663.043575
102569.057368
102475.157449
102381.343738
102287.616156
102193.974624
102100.419063
102006.949395
101913.565539
101820.267418
101727.054952
101633.928064
101540.886674
101447.930704
101355.060075
101262.27471
101169.57453
101076.959456
100984.429411
100891.984317
100799.624096
100707.348669
100615.157958
100523.051887
100431.030378
100339.093351
100247.240732
100155.47244
100063.7884
99972.1885342
99880.6727648
99789.2410148
99697.893207
99606.6292645
99515.4491102
99424.3526672
99333.3398587
99242.4106078
99151.5648379
99060.8024724
98970.1234346
98879.527648
98789.0150363
98698.5855231
98608.2390321
98517.975487
98427.7948118
98337.6969368
98247.6817975
98157.7491012
98067.8989248
97978.1312388
97888.4459677
97798.8430358
97709.3223674
97619.883887
97530.5275192
97441.2531886
97352.0608199
97262.9503379
97173.9216673
97084.974733
96996.1094601
96907.3257735
96818.6235984
96730.0028599
96641.4634832
96553.0053937
96464.6285168
96376.3327778
96288.1181024
96199.984416
96111.9316443
96023.9597131
95936.068548
95848.2580751
95760.5282202
95672.8789092
95585.3100683
95497.8216236
95410.4135012
95323.0856274
95235.8379286
95148.6703307
95061.5827603
94974.5751439
94887.647408
94800.7994794
94714.0312848
94627.3427509
94540.7338047
94454.204373
94367.754383
94281.3837616
94195.092436
94108.8803333
94022.747381
93936.6935062
93850.7186365
93764.8226992
93679.0045824
93593.2507479
93507.5756573
93421.9792385
93336.4614191
93251.0221269
93165.6612898
93080.3788359
92995.1746932
92910.0487896
92825.0010535
92740.0314129
92655.1397963
92570.326132
92485.5903483
92400.9323739
92316.3521372
92231.8495668
92147.4245915
92063.0771399
91978.807141
91894.6145236
91810.4992167
91726.4611491
91642.5002502
91558.6164489
91474.8096744
91391.0798562
91307.4269234
91223.8508056
91140.3514321
91056.9287325
90973.5826364
90890.3130735
90807.1199734
90724.003266
90640.9628811
90557.9987487
90475.1107988
90392.2989613
90309.5631664
90226.9033442
90144.3194251
90061.8113394
89979.3790173
89897.0223893
89814.7413859
89732.5359377
89650.405755
89568.3509736
89486.3715398
89404.4673846
89322.6384388
89240.8846332
89159.205899
89077.6021672
88996.0733689
88914.6194353
88833.2402977
88751.9358874
88670.7061358
88589.5509744
88508.4703349
88427.4641486
88346.5323472
88265.6748623
88184.8916257
88104.1825693
88023.5476249
87942.9867244
87862.4998
87782.0867836
87701.7476074
87621.4822036
87541.2905044
87461.1724422
87381.1279494
87301.1569584
87221.2594017
87141.4352119
87061.6843216
86982.0066636
86902.4021705
86822.8707751
86743.4124105
86664.0270095
86584.7145051
86505.4748303
86426.3079184
86347.2136733
86268.1920103
86189.2428626
86110.3661638
86031.5618473
85952.8298468
85874.1700959
85795.5825282
85717.0670777
85638.623678
85560.2522631
85481.9527669
85403.7251234
85325.5692667
85247.4851309
85169.4726502
85091.5317589
85013.6623912
84935.8622138
84858.1320454
84780.4732579
84702.8857858
84625.3695636
84547.9245258
84470.5506071
84393.2477422
84316.0158658
84238.8547985
84161.7644865
84084.7449682
84007.7961783
83930.9180521
83854.1105246
83777.3735309
83700.7070064
83624.1108863
83547.585106
83471.1296008
83394.7443062
83318.4291578
83242.1840912
83166.0090419
83089.9039458
83013.8687385
82937.9033559
82862.0077339
82786.1818084
82710.4255154
82634.738791
82559.1215713
82483.5737925
82408.0953907
82332.6863024
82257.3464638
82182.0758114
82106.8742816
82031.7418109
81956.678336
81881.6837935
81806.7581201
81731.9012525
81657.1131276
81582.3936822
81507.7428533
81433.1605779
81358.646793
81284.2014357
81209.8244433
81135.5157528
81061.2753016
80987.1030271
80912.9988669
80838.9627588
80764.9946396
80691.094447
80617.2621186
80543.4975921
80469.8008052
80396.1716956
80322.6102014
80249.1162603
80175.6898103
80102.3307895
80029.039136
79955.8147878
79882.6576833
79809.567761
79736.5449587
79663.5890526
79590.7000726
79517.8780285
79445.1228587
79372.4345019
79299.8128967
79227.2579818
79154.7696961
79082.3479782
79009.9927671
78937.7040017
78865.481621
78793.325564
78721.2357698
78649.2121776
78577.2547267
78505.3633561
78433.5380054
78361.7786137
78290.0851205
78218.4574653
78146.8955874
78075.3994267
78003.9689226
77932.604015
77861.3046436
77790.0707482
77718.9022687
77647.799145
77576.7613172
77505.7887251
77434.8813091
77364.0390091
77293.2617654
77222.5495183
77151.9022081
77081.3187057
77010.7945185
76940.3351015
76869.9403953
76799.6103405
76729.3448777
76659.1439475
76589.0074908
76518.9354482
76448.9277607
76378.9843691
76309.1052144
76239.2902376
76169.5393798
76099.852582
76030.2297855
75960.6709315
75891.1758473
75821.744443
75752.3768057
75683.0728768
75613.8325978
75544.6559102
75475.5427556
75406.4930758
75337.5068123
75268.583907
75199.7243017
75130.9279382
75062.1947585
74993.5247045
74924.9177183
74856.3737419
74787.8927176
74719.4745874
74651.1192936
74582.8267785
74514.5969845
74446.4298539
74378.3253293
74310.283353
74242.3038678
74174.3868161
74106.5321407
74038.7397842
73971.0096895
73903.3417994
73835.7360566
73768.1924043
73700.7107853
73633.2911426
73565.9334194
73498.6375588
73431.4035043
73364.2311987
73297.1205855
73230.071608
73163.0842094
73096.1583334
73029.2939234
72962.490923
72895.7492757
72829.0689252
72762.4498152
72695.8918895
72629.395092
72562.9593663
72496.5846566
72430.2709067
72364.0180606
72297.8259913
72231.6944907
72165.6237269
72099.6136441
72033.6641865
71967.7752985
71901.9469244
71836.1790088
71770.471496
71704.8243306
71639.2374572
71573.7108203
71508.2443648
71442.8380353
71377.4917766
71312.2055335
71246.9792509
71181.8128738
71116.7063472
71051.6596159
70986.672625
70921.7453195
70856.8776448
70792.0695461
70727.3209685
70662.6318576
70598.0021586
70533.431817
70468.9207783
70404.468988
70340.0763917
70275.7429351
70211.4685638
70147.2532236
70083.0968602
70018.9994196
69954.9608476
69890.9753155
69827.0461782
69763.1757625
69699.3640143
69635.6108799
69571.9163055
69508.2802371
69444.7026211
69381.1834038
69317.7223462
69254.3194654
69190.9748232
69127.6883659
69064.4600402
69001.2897926
68938.1775698
68875.1233185
68812.1269855
68749.1885176
68686.3078615
68623.4849231
68560.7196282
68498.0119249
68435.3617595
68372.7690791
68310.2338311
68247.7559628
68185.3354215
68122.9721545
68060.6661095
67998.4172338
67936.2254749
67874.0907806
67812.0130984
67749.9923761
67688.0285613
67626.1216019
67564.2714457
67502.478827
67440.7433487
67379.0645774
67317.442461
67255.8769475
67194.367985
67132.9155214
67071.5195049
67010.1798836
66948.8964183
66887.6691046
66826.4980314
66765.3831472
66704.3244003
66643.3217391
66582.3751122
66521.4844681
66460.6497554
66399.8709226
66339.1479185
66278.4806918
66217.8691913
66157.3133658
66096.813164
66036.3685351
65975.9794278
65915.6457913
65855.3675745
65795.1447267
65734.9771968
65674.8649341
65614.8078878
65554.8060073
65494.8592418
65434.9675408
65375.1308536
65315.3491298
65255.6223188
65195.9503702
65136.3332336
65076.7708587
65017.2631952
64957.8101929
64898.4118014
64839.0679707
64779.7786507
64720.5437913
64661.3631339
64602.2366865
64543.1645504
64484.1466757
64425.1830125
64366.2735107
64307.4181203
64248.6167922
64189.8694767
64131.1761241
64072.5366849
64013.9511096
63955.4193486
63896.9413527
63838.5170723
63780.1464582
63721.8294611
63663.5660317
63605.3561208
63547.1996793
63489.096658
63431.0453183
63373.042356
63315.0926791
63257.1962387
63199.3529858
63141.5628716
63083.8258473
63026.1418642
62968.5108734
62910.9327627
62853.4072243
62795.934533
62738.5146404
62681.147498
62623.8330573
62566.5712699
62509.3620874
62452.2054616
62395.101344
62338.0496866
62281.0504411
62224.1035593
62167.2089932
62110.3666947
62053.5766158
61996.8387085
61940.1529249
61883.5192171
61826.9375373
61770.4078377
61713.9300706
61657.5041881
61601.1301428
61544.8078869
61488.5373729
61432.3185532
61376.1513805
61320.0358071
61263.9717858
61207.9592692
61151.9978483
61096.0877164
61040.2289483
60984.4214967
60928.6653147
60872.9603564
60817.3065746
60761.7039211
60706.1523488
60650.651811
60595.2022606
60539.803651
60484.4559352
60429.1590665
60373.9129982
60318.7176837
60263.5730763
60208.4791294
60153.4357965
60098.4430311
60043.5007868
59988.6090171
59933.7676757
59878.9767162
59824.2360924
59769.545758
59714.9056201
59660.3155996
59605.7756504
59551.2857268
59496.8455992
59442.4550373
59388.1143643
59333.8235346
59279.5825024
59225.391222
59171.2496478
59117.1577342
59063.1154356
59009.1227066
58955.1795017
58901.2857755
58847.4414825
58793.6465775
58739.9019064
58686.2072083
58632.5618395
58578.9657544
58525.418908
58471.9212548
58418.4727496
58365.0733473
58311.7230028
58258.4213914
58205.1684617
58151.9644558
58098.8093287
58045.7030354
57992.645531
57939.6367704
57886.6767092
57833.7653027
57780.9025063
57728.0882752
57675.3225649
57622.6053308
57569.9365283
57517.3116642
57464.7338055
57412.2037018
57359.7218637
57307.2882469
57254.9028069
57202.5654995
57150.2762806
57098.035106
57045.8419314
56993.6967129
56941.5994062
56889.5499674
56837.5483525
56785.5945176
56733.6884187
56681.829901
56630.017728
56578.2531622
56526.5361597
56474.8666768
56423.2446699
56371.6700951
56320.1429089
56268.6630676
56217.2305276
56165.8452453
56114.5058982
56063.2126469
56011.9665268
55960.7674945
55909.6155063
55858.5105189
55807.4505066
55756.4363339
55705.4690372
55654.5456891
55603.6679557
55552.8369761
55502.0472003
55451.303747
55400.5998817
55349.941684
55299.3222541
55248.7431165
55198.2039471
55147.6997639
55097.2316891
55046.7990731
54996.4012612
54946.0337247
54895.6973607
54845.3949731
54795.1245589
54744.8873437
54694.686959
54644.5274865
54594.4111589
54544.3410472
54494.3285979
54444.3672122
54394.4743778
54344.6530556
54294.9048825
54245.2343742
54195.6407565
54146.1281085
54096.698947
54047.3462298
53998.0668107
53948.8563527
53899.7111869
53850.6232313
53801.5871057
53752.5983289
53703.6543021
53654.7497559
53605.880626
53557.0400756
53508.233017
53459.455418
53410.7082456
53361.9931642
53313.3081654
53264.6595532
53216.0404799
53167.4586574
53118.9146672
53070.4052135
53021.9385661
52973.5081819
52925.1222806
52876.7747978
52828.4704055
52780.2101697
52731.9907539
52683.813722
52635.6800514
52587.590604
52539.5453392
52491.5427578
52443.5831154
52395.6675387
52347.7959873
52299.9684205
52252.1840514
52204.4413739
52156.7408457
52109.0841495
52061.4712448
52013.9020916
51966.3766497
51918.8948813
51871.4567483
51824.062206
51776.7112146
51729.4037338
51682.1381111
51634.9158873
51587.7370575
51540.6015817
51493.5094201
51446.4605331
51399.4548807
51352.4924232
51305.573121
51258.6969345
51211.8638239
51165.0737497
51118.3266724
51071.6225524
51024.9613503
50978.3420207
50931.7652315
50885.2312444
50838.7400199
50792.291519
50745.8857022
50699.5225303
50653.2019643
50606.923885
50560.68821
50514.4949004
50468.3439147
50422.2352166
50376.1687677
50330.144529
50284.1617607
50238.220583
50192.321502
50146.4644791
50100.6494759
50054.8764539
50009.1453745
49963.4561994
49917.8088901
49872.2034083
49826.6397157
49781.1192989
49735.6415038
49690.205502
49644.8112552
49599.4582469
49554.1460483
49508.8754922
49463.6465397
49418.4591496
49373.3132872
49328.2089145
49283.1459932
49238.1244853
49193.1443527
49148.2055575
49103.3080615
49058.451827
49013.6368159
48968.8629904
48924.1300841
48879.4369675
48834.7849259
48790.1739215
48745.6039166
48701.0748736
48656.5867547
48612.1395224
48567.7331391
48523.3675673
48479.0427693
48434.7587073
48390.5153432
48346.3126407
48302.1505625
48258.0290712
48213.9465966
48169.9044071
48125.9025599
48081.9410181
48038.0197447
47994.1387029
47950.2978558
47906.4971666
47862.7365984
47819.0161147
47775.3356785
47731.6944561
47688.0924567
47644.5303978
47601.0082429
47557.5259555
47514.0834989
47470.6808366
47427.3190871
47383.9985585
47340.7158749
47297.4727385
47254.2691717
47211.1037214
47167.9779484
47124.8918165
47081.8452891
47038.8383299
46995.8709024
46952.9429703
46910.0544973
46867.2054472
46824.3957837
46781.6254719
46738.8930215
46696.1992307
46653.5446858
46610.9293506
46568.3531296
46525.815898
46483.3176201
46440.8582604
46398.437783
46356.0561525
46313.7133333
46271.4085219
46229.1407999
46186.9117872
46144.7214478
46102.569743
46060.4566412
46018.3821068
45976.3461047
45934.3485996
45892.3895561
45850.4689391
45808.5878592
45766.7444404
45724.9391838
45683.172361
45641.4439366
45599.7538752
45558.1021413
45516.4886949
45474.9135074
45433.3765379
45391.8777504
45350.4171099
45308.9930177
45267.6051405
45226.2551526
45184.9430193
45143.6687058
45102.4321777
45061.2334003
45020.0723391
44978.9489596
44937.8632272
44896.8151075
44855.8043259
44814.8121897
44773.6147769
44732.4550893
44691.3330925
44650.2487517
44609.2020327
44568.1929008
44527.2228889
44486.289094
44445.3929415
44404.5343969
44363.7133885
44322.929735
44282.1834024
44241.4743499
44200.7996885
44160.1618291
44119.5611601
44078.9976477
44038.4712577
43997.9819561
43957.529709
43917.1134838
43876.7315157
43836.3865074
43796.0784239
43755.8072157
43715.5728658
43675.3753405
43635.2153238
43595.0920755
43555.004285
43514.9533692
43474.9392942
43434.9619525
43395.0211816
43355.1169481
43315.2489801
43275.4128655
43235.6131971
43195.8499415
43156.1230654
43116.4325355
43076.7783184
43037.1603809
42997.5760804
42958.0252667
42918.5111422
42879.0331727
42839.5912907
42800.1852908
42760.8151403
42721.4821923
42682.1818547
42642.9164874
42603.6870463
42564.4934985
42525.3358112
42486.2139515
42447.1278866
42408.0760007
42369.0547338
42330.0691759
42291.1192943
42252.2050564
42213.3261791
42174.4790659
42135.6647246
42096.8891836
42058.1490737
42019.4443623
41980.7750171
41942.1345701
41903.5284085
41864.9575301
41826.4219324
41787.9215713
41749.4552473
41711.0166966
41672.6132837
41634.2447596
41595.9110164
41557.6119165
41519.3480811
41481.1140874
41442.9150209
41404.7508497
41366.6215419
41328.5270655
41290.4590981
41252.4230055
41214.4215419
41176.4544881
41138.5218128
41100.6231646
41062.7461574
41024.9034595
40987.0950398
40949.3252452
40911.5911331
40873.8864219
40836.2061576
40798.5603256
40760.9485172
40723.370684
40685.8267712
40648.3076863
40610.8171226
40573.360438
40535.939686
40498.546031
40461.1841192
40423.8563627
40386.5623514
40349.2877462
40312.0467506
40274.8393342
40237.6614324
40200.5046746
40163.3814357
40126.2916852
40089.2348021
40052.2010748
40015.2005833
39978.233475
39941.286981
39904.3656395
39867.4776298
39830.6227685
39793.7816908
39756.9690435
39720.1891763
39683.4455459
39646.7116494
39610.0108645
39573.3431759
39536.7019168
39500.0681827
39463.4670278
39426.8984283
39390.3550013
39353.822707
39317.3236254
39280.8569399
39244.4006974
39207.9624841
39171.5563197
39135.1581043
39098.7903885
39062.4546555
39026.114739
38989.8036979
38953.5225636
38917.2270453
38880.9632887
38844.727845
38808.4854611
38772.2752142
38736.0766041
38699.8715815
38663.6983778
38627.5309652
38591.3627173
38555.2264763
38519.0700086
38482.9183271
38446.8014538
38410.6495721
38374.5100407
38338.4020747
38302.2491764
38266.123625
38229.9526808
38193.8022554
38157.6131531
38121.4357619
38085.2155317
38048.9893582
38012.7362668
37976.4343206
37940.1093753
37903.7901374
37867.3890993
37830.9434739
37794.4706908
37757.8935237
37721.2874305
37684.6012815
37647.810221
37610.9846839
37574.0011634
37536.941623
37499.7722398
37462.4685845
37424.980892
37387.3455081
37349.5603173
37311.6114286
37273.3689894
37234.9124847
37196.2358401
37157.3304113
37118.1104367
37078.5999336
37038.7900846
36998.6834638
36958.2775926
36917.6150927
36876.7333911
36835.6901879
36794.5410785
36753.3888437
36712.0923721
36670.7926119
36629.340136
36587.0940136
36543.7611248
36498.2137014
36449.0497978
36394.1597027
36330.8267232
36255.214834
36162.5967976
36046.332053
35899.4103688
35713.3026578
35476.1172098
35179.6891612
34814.2763831
34369.988826
33845.0504694
33236.8723853
32558.8141198
31817.0440513
31041.4168275
30247.888964
29475.8598399
28739.4988462
28080.0496616
27509.5717628
27061.1584716
26739.7944855
26560.7496591
26520.9530365
26633.2272835
26885.4224418
27262.7771255
27757.5261522
28339.9105001
28997.9892316
29692.6433948
30405.8343957
31104.006985
31767.9742998
32373.0539892
32906.5186074
33362.5900662
33742.8476011
34050.8506122
34292.9638241
34479.4967377
34619.963303
34722.0085612
34795.2760565
34845.6335331
34878.9667554
34899.2081488
34909.5250849
34912.1634932
34908.9149408
34901.4192153
34890.3309076
34876.5439722
34860.3246371
34842.2889052
34822.6945004
34801.8041945
34779.8422635
34756.8733056
34733.1323782
34708.6108621
34683.5043109
34657.8083492
34631.6218147
34605.0070561
34578.0582153
34550.7210603
34523.1219144
34495.1972582
34467.1135384
34438.7818529
34410.2195465
34381.5162899
34352.6016164
34323.5867512
34294.4429527
34265.2315922
34235.8175464
34206.3932611
34176.8411349
34147.2200212
34117.5149821
34087.762942
34057.983701
34028.113881
33998.2237707
33968.262557
33938.3062939
33908.2866089
33878.2430408
33848.1902048
33818.1121227
33788.0123176
33757.8730718
33727.7471683
33697.6055303
33667.4724106
33637.3249484
33607.1578645
33576.9925011
33546.8305201
33516.6772715
33486.5195144
33456.3479061
33426.2060784
33396.0488615
33365.9102971
33335.8017075
33305.6582756
33275.5363591
33245.4396516
33215.3331262
33185.256741
33155.2012732
33125.1471956
33095.111946
33065.0821797
33035.061371
33005.0695167
32975.0907924
32945.1274021
32915.1929362
32885.2698729
32855.3531746
32825.463854
32795.5832666
32765.7283007
32735.9020362
32706.0838686
32676.2944917
32646.5209147
32616.7576426
32587.0184008
32557.2945005
32527.5993232
32497.9325397
32468.2854868
32438.6558036
32409.0544689
32379.4814267
32349.9205092
32320.3738922
32290.8549035
32261.3602329
32231.8826066
32202.4327403
32173.0083974
32143.601791
32114.2212446
32084.8686817
32055.5379086
32026.2190536
31996.9276105
31967.6629233
31938.4163129
31909.1970682
31880.0050972
31850.8320623
31821.6853366
31792.5658256
31763.4650193
31734.38923
31705.3410505
31676.313909
31647.3002263
31618.3113874
31589.3495665
31560.414065
31531.498079
31502.6091441
31473.7471413
31444.9120454
31416.1038264
31387.3224266
31358.5678587
31329.8400973
31301.1394724
31272.4696935
31243.8266696
31215.2031071
31186.605123
31158.0337247
31129.4882841
31100.9643168
31072.4668718
31043.9936313
31015.5425331
30987.1179278
30958.7164962
30930.3374398
30901.9847836
30873.6585032
30845.3586678
30817.0791172
30788.8256287
30760.5984292
30732.397504
30704.2162013
30676.0554285
30647.9204962
30619.8113806
30591.7281238
30563.6708853
30535.6377915
30507.628336
30479.6448665
30451.687359
30423.7557893
30395.8500772
30367.9675462
30340.1099579
30312.2782117
30284.4722618
30256.6921126
30228.9375783
30201.2057586
30173.4996737
30145.8192997
30118.1646129
30090.5339236
30062.9240456
30035.3376733
30007.7766272
29980.240987
29952.730851
29925.2461954
29897.7852892
29870.3489898
29842.9381069
29815.552615
29788.1924904
29760.8577096
29733.5461508
29706.2597452
29678.9986172
29651.7627433
29624.5521012
29597.3662347
29570.2040148
29543.0669592
29515.9550446
29488.8662482
29461.8000815
29434.7578249
29407.739622
29380.7462314
29353.7776305
29326.8337965
29299.9147216
29273.0190422
29246.1477726
29219.301182
29192.4776973
29165.6779189
29138.9027464
29112.1509027
29085.4238262
29058.7214941
29032.0438834
29005.3909751
28978.7627561
28952.1591898
28925.5793734
28899.0233488
28872.4919116
28845.9850392
28819.5027087
28793.0448975
28766.6115828
28740.2027419
28713.8170118
28687.4554316
28661.1147364
28634.7982395
28608.5059179
28582.2376882
28555.9935904
28529.7732102
28503.5760493
28477.4029561
28451.2539085
28425.1288844
28399.0278618
28372.9508185
28346.8977326
28320.8677925
28294.86144
28268.8789809
28242.9203934
28216.9856554
28191.0747452
28165.1876407
28139.3243661
28113.4841105
28087.6677447
28061.8752467
28036.1065945
28010.3617681
27984.6407504
27958.9435123
27933.2695823
27907.6189385
27881.99201
27856.388775
27830.8092116
27805.2532978
27779.7210118
27754.2123318
27728.7265657
27703.2642851
27677.8226816
27652.4044483
27627.0095706
27601.6380269
27576.2897959
27550.9646464
27525.6622564
27500.3831163
27475.1272046
27449.8944999
27424.6849809
27399.4986264
27374.335415
27349.1949038
27324.0773026
27298.9827819
27273.9113206
27248.8628974
27223.8374912
27198.8350808
27173.8555958
27148.8985286
27123.964395
27099.053174
27074.1648444
27049.2993918
27024.4568183
26999.6371133
26974.8400735
26950.0656581
26925.3141157
26900.5854254
26875.879566
26851.1965163
26826.5362554
26801.8987623
26777.2835157
26752.6909251
26728.1210402
26703.5738402
26679.049304
26654.5474106
26630.0681393
26605.6114692
26581.1773792
26556.7650896
26532.3740309
26508.0051101
26483.6580783
26459.3325029
26435.0292833
26410.748399
26386.4898294
26362.253554
26338.0395522
26313.8478038
26289.678288
26265.5309847
26241.4058383
26217.3023546
26193.2210231
26169.1618234
26145.1247352
26121.1097382
26097.116812
26073.1459364
26049.1970911
26025.2702558
26001.3654104
25977.4825346
25953.6213039
25929.7818591
25905.9643242
25882.1686791
25858.3949038
25834.642978
25810.9128817
25787.2045949
25763.5180975
25739.8533695
25716.2104047
25692.5891462
25668.9893736
25645.4113704
25621.8551163
25598.3205915
25574.8077757
25551.316649
25527.8471914
25504.3993828
25480.9732034
25457.5686331
25434.185652
25410.8239407
25387.4836916
25364.1649636
25340.867746
25317.592019
25294.3375004
25271.1031757
25247.8902055
25224.6985702
25201.5282501
25178.3792258
25155.2513049
25132.1444223
25109.0587773
25085.9943506
25062.9511226
25039.9290738
25016.9281848
24993.9484361
24970.9898083
24948.052282
24925.1358378
24902.2404373
24879.3657596
24856.5121066
24833.6794588
24810.8677971
24788.077102
24765.3073544
24742.5585349
24719.8304688
24697.1230831
24674.4365685
24651.7709059
24629.1260761
24606.5020599
24583.8988383
24561.3163921
24538.7543104
24516.2128964
24493.6922013
24471.1922062
24448.712892
24426.2542396
24403.816022
24381.3980332
24359.0006502
24336.623854
24314.2676257
24291.9318671
24269.6158352
24247.3203152
24225.0452874
24202.7907323
24180.5557513
24158.3410133
24136.1466893
24113.9716224
24091.8168316
24069.6814579
24047.5656796
24025.4690097
24003.3903696
23981.329944
23959.2869529
23937.2607218
23915.2493507
23893.2494149
23871.2580344
23849.2698171
23827.2768293
23805.2722315
23783.2427498
23761.1779879
23739.0658316
23716.9011493
23694.6760915
23672.3996898
23650.0869919
23627.7694208
23605.480545
23583.2619415
23561.1685283
23539.2382957
23517.4985662
23495.9654572
23474.6271399
23453.4610157
23432.4321265
23411.482701
23390.5720409
23369.6699142
23348.7345216
23327.7409314
23306.6927666
23285.5850391
23264.4282909
23243.2289423
23222.0037773
23200.7622708
23179.5133096
23158.2654948
23137.0247341
23115.7942332
23094.5772186
23073.3755967
23052.1909324
23031.0232244
23009.8740526
22988.7426141
22967.6298872
22946.5358936
22925.4609419
22904.4045143
22883.3673842
22862.3487159
22841.3493659
22820.3693164
22799.4080592
22778.4658159
22757.5428214
22736.6390579
22715.7539723
22694.8879934
22674.0411938
22653.2135558
22632.4050618
22611.6156387
22590.8450096
22570.0934723
22549.3610095
22528.6474892
22507.9528178
22487.2771688
22466.6205248
22445.9828683
22425.3641817
22404.7644477
22384.1836489
22363.6215623
22343.0783054
22322.5539319
22302.0484246
22281.5617662
22261.0939391
22240.6449263
22220.2146733
22199.8030123
22179.4101141
22159.0359614
22138.6805369
22118.3438234
22098.0258037
22077.7264606
22057.4456482
22037.1833639
22016.9397052
21996.714655
21976.508196
21956.3203111
21936.1509832
21916.0001951
21895.8676158
21875.7535405
21855.657978
21835.580911
21815.5222256
21795.4816316
21775.4590401
21755.4536306
21735.4664631
21715.4971248
21695.5461676
21675.6127078
21655.6973599
21635.7989922
21615.917549
21596.0519538
21576.2012707
21556.3640358
21536.5383464
21516.7210027
21496.9098221
21477.1029118
21457.2978515
21437.4952112
21417.6958018
21397.9041098
21378.1284274
21358.3762286
21338.6586755
21318.9857542
21299.3656194
21279.8002055
21260.2908255
21240.8337875
21221.4187108
21202.0373339
21182.6787708
21163.3336077
21143.9966168
21124.6610477
21105.3272301
21085.9950982
21066.6662817
21047.343842
21028.030258
21008.7276677
20989.4380472
20970.1629445
20950.9036242
20931.6605277
20912.433899
20893.224587
20874.0322803
20854.8576158
20835.7001515
20816.5599992
20797.4374419
20778.3324635
20759.2448128
20740.1745064
20721.1217312
20702.0864711
20683.06871
20664.0684318
20645.0856205
20626.120039
20607.1718498
20588.2410799
20569.3277131
20550.4317335
20531.5531252
20512.691872
20493.8479333
20475.0212187
20456.2118117
20437.4196965
20418.6448571
20399.8872776
20381.1469423
20362.4238351
20343.7178743
20325.0290705
20306.3574477
20287.7029901
20269.0656818
20250.4455071
20231.8424501
20213.2564952
20194.6876267
20176.1358289
20157.6010862
20139.0833827
20120.5827029
20102.0990311
20083.6323517
20065.1826125
20046.7497831
20028.3338994
20009.9349458
19991.5529069
19973.1877669
19954.8395104
19936.5081219
19918.1935858
19899.8958867
19881.615009
19863.3509373
19845.1036563
19826.8731503
19808.659404
19790.4623851
19772.2820315
19754.1183914
19735.9714497
19717.841191
19699.7275998
19681.630661
19663.5503591
19645.4866789
19627.4396051
19609.4090081
19591.3944571
19573.3964679
19555.4150254
19537.4501143
19519.5017193
19501.5698254
19483.6544174
19465.75548
19447.8729982
19430.0069569
19412.1573408
19394.324135
19376.5073033
19358.706816
19340.9226937
19323.1549215
19305.4034844
19287.6683672
19269.9495519
19252.2470264
19234.5607759
19216.8907643
19199.2369696
19181.5994052
19163.9780562
19146.3729077
19128.7839446
19111.2111523
19093.6545158
19076.1140202
19058.5896508
19041.0813927
19023.589231
19006.113151
18988.6531379
18971.209177
18953.7812534
18936.3693524
18918.9734593
18901.5935594
18884.229638
18866.8816804
18849.5496719
18832.2335978
18814.9333994
18797.6490764
18780.3806441
18763.1280878
18745.8913931
18728.6705452
18711.4655296
18694.2763318
18677.1029371
18659.9453312
18642.8034995
18625.6774274
18608.5671005
18591.4725043
18574.3936244
18557.3304462
18540.2829554
18523.2511376
18506.2349783
18489.2344635
18472.2495795
18455.2803109
18438.3266433
18421.388501
18404.4659169
18387.5588909
18370.6674089
18353.7914564
18336.9310192
18320.086083
18303.2566336
18286.4426568
18269.6441382
18252.8610638
18236.0934193
18219.3411905
18202.6043633
18185.8829235
18169.1768569
18152.4861494
18135.8107869
18119.1507553
18102.5060404
18085.8766283
18069.2625048
18052.6636559
18036.0799998
18019.5115884
18002.9584097
17986.4204496
17969.897694
17953.3901291
17936.8977408
17920.4205152
17903.9584383
17887.5114963
17871.0796752
17854.6629611
17838.2613401
17821.8747984
17805.5033126
17789.1468503
17772.8046267
17756.4771093
17740.164576
17723.8670132
17707.5844071
17691.316744
17675.063996
17658.8261012
17642.6031084
17626.3950039
17610.2017741
17594.0234054
17577.859884
17561.7111964
17545.577329
17529.4582681
17513.3541819
17497.2652386
17481.191088
17465.1317168
17449.0871111
17433.0572575
17417.0421424
17401.0417523
17385.0560736
17369.0850927
17353.1287918
17337.1871611
17321.2601877
17305.3478304
17289.4500518
17273.5668903
17257.6983324
17241.8443649
17226.0049742
17210.180147
17194.3698699
17178.5741294
17162.7929122
17147.0262051
17131.2739945
17115.5362673
17099.81301
17084.1042094
17068.4098522
17052.7299251
17037.0644149
17021.4133082
17005.7765919
16990.1542527
16974.5462773
16958.9526527
16943.3733218
16927.8082815
16912.2575526
16896.7211217
16881.1989782
16865.6911096
16850.1974997
16834.7181353
16819.2530035
16803.8020911
16788.365385
16772.9428722
16757.5345396
16742.1403742
16726.760363
16711.3944658
16696.0426475
16680.7049446
16665.3813439
16650.0718326
16634.7763977
16619.4950262
16604.2276938
16588.9743616
16573.7350167
16558.5096463
16543.2982375
16528.1007794
16512.9172581
16497.7476602
16482.5919612
16467.4500928
16452.3221096
16437.2079988
16422.1077477
16407.0213436
16391.9487738
16376.8900257
16361.8450864
16346.8139435
16331.7967996
16316.7939339
16301.8048628
16286.8295735
16271.8680533
16256.9202896
16241.9861964
16227.0658296
16212.1591815
16197.2662396
16182.3869851
16167.5214102
16152.6695037
16137.8312529
16123.0065654
16108.1952899
16093.3976331
16078.6135825
16063.8431256
16049.0862498
16034.3429428
16019.6131231
16004.8968216
15990.1940517
15975.5048007
15960.8290564
15946.1668062
15931.5180377
15916.8827387
15902.2608966
15887.6524991
15873.0575339
15858.4759883
15843.9078451
15829.3530972
15814.8117301
15800.2836325
15785.7687974
15771.2672663
15756.779027
15742.3040673
15727.842375
15713.393938
15698.9587441
15684.5367812
15670.1280371
15655.7324998
15641.3501572
15626.9810011
15612.6250163
15598.28219
15583.9524654
15569.6357798
15555.3322542
15541.0426184
15526.7661219
15512.5027527
15498.2524988
15484.0153479
15469.7912882
15455.5803076
15441.382394
15427.1975354
15413.0257156
15398.8669241
15384.7211518
15370.5883725
15356.4684728
15342.3615565
15328.2676117
15314.1866265
15300.1185888
15286.0634869
15272.0213065
15257.9919918
15243.9755311
15229.9719126
15215.9811244
15202.0030539
15188.0377571
15174.0852557
15160.1455381
15146.2185924
15132.304407
15118.4029703
15104.5142704
15090.6382958
15076.7750347
15062.9244756
15049.0865631
15035.2612122
15021.4485736
15007.6494415
14993.8629967
14980.0892233
14966.3281152
14952.579661
14938.8438488
14925.1206671
14911.4101044
14897.7121488
14884.0266356
14870.3536838
14856.6933049
14843.0454507
14829.4100889
14815.7872081
14802.1767967
14788.5788434
14774.9933389
14761.4202697
14747.8596244
14734.3112889
14720.7752467
14707.2515946
14693.7403215
14680.2414158
14666.7548664
14653.2806618
14639.8187909
14626.3692379
14612.9319926
14599.5077516
14586.0962233
14572.6967957
14559.3096898
14545.9348943
14532.5723979
14519.2219017
14505.8827486
14492.5558628
14479.2412319
14465.9388393
14452.6486802
14439.3707283
14426.1047369
14412.8507774
14399.6089396
14386.3792124
14373.1615847
14359.9560454
14346.7625835
14333.581188
14320.4118482
14307.2545528
14294.1092906
14280.9759814
14267.8544721
14254.7449636
14241.647445
14228.5619052
14215.4883332
14202.427008
14189.3786423
14176.3420949
14163.3174644
14150.3048127
14137.3041041
14124.3152879
14111.3383533
14098.3732893
14085.4200727
14072.4784179
14059.5486018
14046.6306135
14033.7244422
14020.8300851
14007.9475238
13995.0767471
13982.217602
13969.3700383
13956.5342275
13943.7101474
13930.8977328
13918.0969732
13905.3083318
13892.532105
13879.7672114
13867.0139402
13854.2723337
13841.5423813
13828.8240723
13816.1173961
13803.422342
13790.7387852
13778.0664789
13765.4057652
13752.756632
13740.1189907
13727.4928283
13714.8783545
13702.2763934
13689.6856186
13677.1061277
13664.538128
13651.9816087
13639.4365596
13626.90297
13614.3808296
13601.8701131
13589.3702825
13576.8818889
13564.4049036
13551.9392498
13539.4848961
13527.0416543
13514.6108322
13502.1914088
13489.7833295
13477.3865776
13465.0011428
13452.6266488
13440.2632167
13427.911072
13415.5701708
13403.2404388
13390.9218667
13378.6138282
13366.3168824
13354.031072
13341.7563868
13329.4940957
13317.2432051
13305.0028588
13292.7736855
13280.5556726
13268.3486998
13256.1527546
13243.9673856
13231.7925473
13219.6287083
13207.4758589
13195.3346264
13183.2055198
13171.0866069
13158.9786302
13146.8817103
13134.795738
13122.7206437
13110.6563026
13098.6016941
13086.5579283
13074.5250038
13062.5029107
13050.4937424
13038.4950709
13026.5065842
13014.5289748
13002.562137
12990.6053868
12978.6589705
12966.7232962
12954.7983525
12942.8831487
12930.9783368
12919.0855057
12907.2044722
12895.3327903
12883.4717832
12871.621469
12859.7814819
12847.9507703
12836.1306052
12824.3209767
12812.5210644
12800.7310054
12788.9532906
12777.1860655
12765.4292741
12753.6805344
12741.9422545
12730.2144252
12718.4984552
12706.7919872
12695.0950722
12683.4085336
12671.7304487
12660.0620556
12648.4049636
12636.7593774
12625.1217881
12613.4939619
12601.8759
12590.2659944
12578.666818
12567.0778097
12555.4976765
12543.9277745
12532.3651311
12520.8111002
12509.2657977
12497.7284152
12486.1970104
12474.669456
12463.1410805
12451.6061688
12440.0615395
12428.4984283
12416.9155717
12405.3103044
12393.7016794
12382.10017
12370.5325136
12359.0266926
12347.5893332
12336.2309794
12324.9363641
12313.6912035
12302.4586847
12291.229788
12279.9849841
12268.7147667
12257.4228119
12246.1137199
12234.7938272
12223.4701442
12212.1442919
12200.817734
12189.4951858
12178.1788259
12166.8629842
12155.5510804
12144.2475053
12132.9421695
12121.6422149
12110.3461707
12099.0498814
12087.7565643
12076.4670627
12065.1802337
12053.8907624
12042.6053738
12031.3239234
12020.0398752
12008.7573863
11997.4816043
11986.2114714
11974.9429201
11963.6827523
11952.4418132
11941.2247413
11930.0491435
11918.9149636
11907.8747646
11896.9767684
11886.327613
11876.1081909
11866.6577166
11858.5554569
11852.7264807
11850.4745608
11853.5159982
11863.6481734
11882.2920856
11910.0476856
11946.2453291
11989.3236742
12036.7444594
12085.4248004
12132.0796164
12173.0776574
12204.9079303
12224.1769097
12226.7173238
12207.2745053
12157.2445856
12062.6718397
11904.6475311
11658.1627598
11303.8665485
10835.2130194
10274.2069458
9671.16931393
9095.62146792
8604.45284212
8254.18191252
8070.30270663
8064.54294503
8231.03309645
8550.69734073
8978.87250519
9469.96099086
9956.63995237
10386.0029393
10726.1687712
10970.3871036
11130.0498014
11228.4511513
11286.0864028
11318.582037
11335.907178
11344.5577575
11347.8097892
11347.7807278
11345.5166137
11341.6204473
11336.63701
11330.6967782
11324.0943555
11316.9590052
11309.3520217
11301.3922997
11293.1232266
11284.6189042
11275.8958287
11267.0044793
11257.9734403
11248.7978472
11239.5239183
11230.1700574
11220.7135569
11211.1997188
11201.6300395
11191.9860217
11182.3208825
11172.5905508
11162.8500904
11153.0639587
11143.2590212
11133.4307086
11123.5811375
11113.7068104
11103.8263541
11093.9380172
11084.0306822
11074.1172424
11064.203557
11054.2682311
11044.3389101
11034.4032475
11024.4610543
11014.5272154
11004.5774939
10994.633937
10984.6961324
10974.7580696
10964.8145557
10954.8773453
10944.9490215
10935.0128319
10925.0819026
10915.1594004
10905.2421895
10895.3214784
10885.4081611
10875.5025557
10865.6055198
10855.7035865
10845.8125261
10835.9302153
10826.0505377
10816.1729683
10806.3040219
10796.4427349
10786.5906434
10776.7494312
10766.9061281
10757.069043
10747.2422152
10737.4220206
10727.6119542
10717.811717
10708.0095812
10698.2172375
10688.4338411
10678.6586487
10668.8934166
10659.1342112
10649.3780499
10639.631364
10629.8929996
10620.1634126
10610.443442
10600.7319185
10591.0297564
10581.3323638
10571.6404553
10561.957781
10552.2846106
10542.6192011
10532.9632504
10523.3166138
10513.6775031
10504.0428836
10494.4171373
10484.7997942
10475.191741
10465.5929397
10456.0028379
10446.421323
10436.8463232
10427.2779119
10417.7178522
10408.1665905
10398.6245264
10389.0915509
10379.5668024
10370.0512269
10360.5447425
10351.0470605
10341.5579207
10332.0736342
10322.5982387
10313.1311122
10303.6726455
10294.2231564
10284.7826496
10275.3505196
10265.92744
10256.5124605
10247.1036176
10237.7030155
10228.3110296
10218.9278758
10209.5535312
10200.1876202
10190.830235
10181.4816251
10172.1417927
10162.810183
10153.4873493
10144.1734185
10134.8683795
10125.5692462
10116.2775529
10106.9945451
10097.7200077
10088.4535016
10079.1953385
10069.9447324
10060.7012108
10051.4644816
10042.2343035
10033.0108321
10023.7955729
10014.5889538
10005.3938089
9996.21165278
9987.04112265
9977.88190267
9968.73344271
9959.5940944
9950.46248469
9941.33743133
9932.21883101
9923.10667741
9914.00195562
9904.90456708
9895.81498178
9886.73384528
9877.66074378
9868.59601854
9859.53982038
9850.49181612
9841.45056077
9832.41735695
9823.39254624
9814.37612082
9805.36807292
9796.36839744
9787.37708583
9778.39396028
9769.41855652
9760.45136474
9751.49250135
9742.54195922
9733.59959756
9724.6654224
9715.73952119
9706.82024545
9697.90916049
9689.00628235
9680.11166479
9671.2251668
9662.34682438
9653.47672001
9644.61484776
9635.76119986
9626.91576707
9618.07833113
9609.24906728
9600.42799616
9591.6151184
9582.81042028
9574.01389208
9565.2255262
9556.44524661
9547.6729568
9538.90879904
9530.15233735
9521.40299093
9512.66168955
9503.92842581
9495.20319232
9486.48589827
9477.77661635
9469.07539346
9460.38223192
9451.69712427
9443.02006304
9434.35104076
9425.69003321
9417.03689487
9408.39177323
9399.75466108
9391.12555104
9382.5044357
9373.89130764
9365.28615947
9356.6889029
9348.09952927
9339.51813919
9330.94415475
9322.37746839
9313.81865956
9305.26772103
9296.72464556
9288.18927895
9279.66175181
9271.14207056
9262.63022377
9254.12620423
9245.63000476
9237.14161816
9228.66103724
9220.18825482
9211.72326271
9203.26593785
9194.81641788
9186.37470975
9177.94080624
9169.51470011
9161.09638412
9152.68585101
9144.2830877
9135.88797712
9127.50062707
9119.12102694
9110.7491739
9102.38506092
9094.02868098
9085.68002711
9077.33908008
9069.00564949
9060.67992401
9052.36169433
9044.05054755
9035.74664245
9027.45010082
9019.16035404
9010.87687379
9002.59908361
8994.32621888
8986.05835671
8977.79607148
8969.54124288
8961.29663826
8953.06444661
8944.84606886
8936.64128613
8928.44773226
8920.26248493
8912.08391239
8903.91017703
8895.74137108
8887.57753001
8879.41962916
8871.26817585
8863.12364259
8854.98626716
8846.85635113
8838.73367084
8830.61846083
8822.5107138
8814.41042036
8806.31757664
8798.23207518
8790.15399326
8782.08334071
8774.02011073
8765.96429647
8757.91589111
8749.87488798
8741.84127137
8733.81498995
8725.79609034
8717.78456574
8709.78037108
8701.78350827
8693.79400027
8685.81184031
8677.83702164
8669.86953751
8661.90938116
8653.95654563
8646.01102406
8638.07281008
8630.14189696
8622.21819669
8614.30176735
8606.39261893
8598.49074475
8590.5961381
8582.70879231
8574.82870069
8566.95585657
8559.09025028
8551.23187808
8543.38073341
8535.53676823
8527.69995657
8519.8703527
8512.04794999
8504.23274182
8496.42472156
8488.6238826
8480.83021835
8473.04372521
8465.26439597
8457.49222163
8449.72719563
8441.96920729
8434.2183218
8426.47453336
8418.73783547
8411.00822589
8403.28569396
8395.57023312
8387.86179865
8380.16036839
8372.46598999
8364.77865697
8357.0983629
8349.42510133
8341.75886582
8334.09964993
8326.44744724
8318.80225132
8311.16405575
8303.53298442
8295.90929358
8288.2926134
8280.68293878
8273.08026328
8265.48458046
8257.89588389
8250.31416715
8242.73939024
8235.17152663
8227.61062377
8220.05667525
8212.5096742
8204.96957703
8197.43636998
8189.91004674
8182.39053187
8174.87786884
8167.37207093
8159.87313188
8152.38104541
8144.89580526
8137.41740518
8129.9458297
8122.48099764
8115.02298427
8107.57178617
8100.12739712
8092.68981089
8085.25902126
8077.83502202
8070.41843123
8063.00877909
8055.60594242
8048.20991498
8040.82068883
8033.4383186
8026.06270583
8018.69383026
8011.33156194
8003.97601502
7996.62718708
7989.28507199
7981.94966362
7974.62095584
7967.29894253
7959.98357795
7952.67479562
7945.37268969
7938.07725406
7930.78848262
7923.50632861
7916.23077724
7908.96184878
7901.70027276
7894.44527868
7887.19690885
7879.95515722
7872.72001902
7865.49148741
7858.26955588
7851.05418909
7843.84525569
7836.64290464
7829.44712993
7822.25792556
7815.07525235
7807.89908353
7800.7294132
7793.56691025
7786.41102139
7779.26166139
7772.11882428
7764.98250411
7757.85269492
7750.72924369
7743.61226503
7736.50176956
7729.39770535
7722.30006647
7715.20881353
7708.12380804
7701.04521082
7693.97301608
7686.90784921
7679.84950495
7672.79749793
7665.75179544
7658.71251882
7651.67960995
7644.65304784
7637.63282676
7630.61875011
7623.61093486
7616.60944396
7609.61447557
7602.62670729
7595.6452861
7588.66993064
7581.70092587
7574.73824816
7567.78184306
7560.83170403
7553.88771383
7546.94975056
7540.01803708
7533.09256775
7526.17434526
7519.26264064
7512.35691476
7505.45727442
7498.56385469
7491.67664996
7484.79565463
7477.92086309
7471.05179302
7464.1888341
7457.3319939
7450.48174894
7443.63843942
7436.80122461
7429.96978716
7423.14450685
7416.32533387
7409.51205752
7402.70462075
7395.90413813
7389.1100249
7382.32172634
7375.53935994
7368.76308965
7361.99283622
7355.22814865
7348.46961411
7341.71817102
7334.97278024
7328.23285819
7321.49891711
7314.77095875
7308.04882094
7301.33213353
7294.62224924
7287.91896538
7281.2212776
7274.52911267
7267.84288992
7261.16260405
7254.4877017
7247.81831519
7241.15618092
7234.49961587
7227.84805026
7221.20219241
7214.56218105
7207.92831603
7201.30031485
7194.67821413
7188.06178542
7181.45037231
7174.84478828
7168.24548416
7161.65186804
7155.06411333
7148.48159472
7141.90418522
7135.33261951
7128.76710065
7122.20707544
7115.65293057
7109.10336585
7102.55936852
7096.0223163
7089.48936038
7082.96217659
7076.44081233
7069.92362681
7063.41311808
7056.90813639
7050.40708299
7043.91212555
7037.42294206
7030.93870829
7024.45975111
7017.98587739
7011.5170423
7005.053577
6998.5950266
6992.14243754
6985.69350635
6979.25143804
6972.81453651
6966.38345073
6959.95612958
6953.53524743
6947.12019945
6940.70991033
6934.30634268
6927.9086054
6921.51658525
6915.13220812
6908.75339464
6902.3830649
6896.02104063
6889.66648745
6883.32476524
6876.99015818
6870.67082869
6864.367082
6858.0773575
6851.81082166
6845.57240927
6839.36375655
6833.19729088
6827.08347891
6821.03738817
6815.07668576
6809.23142666
6803.53827667
6798.05376135
6792.86543196
6788.1150867
6784.0714988
6781.24054034
6780.61792508
6784.04643674
6794.5268526
6815.95703774
6852.05400079
6904.30577834
6971.04375736
7047.88588886
7128.933109
7207.76523823
7278.40985787
7335.7626649
7376.63968171
7400.06229269
7407.17673655
7399.48524625
7376.20832953
7331.78877331
7251.32494772
7108.20311302
6864.47954545
6489.96354226
5988.08424367
5424.91074325
4900.18200191
4498.24150695
4270.4223213
4233.48263568
4379.7708339
4681.97691966
5080.21745313
5499.86009576
5860.30090342
6119.50439373
6281.39128696
6373.49654001
6423.6744899
6451.20143352
6466.53448253
6475.17885237
6479.80147816
6481.90191489
6482.22534684
6481.28600248
6479.39142593
6476.80023965
6473.67081174
6470.09280298
6466.1536052
6461.93280752
6457.50994359
6452.86904601
6448.08865479
6443.18181176
6438.16112311
6433.04809668
6427.85252686
6422.57021469
6417.2521247
6411.88629186
6406.46130053
6401.01175138
6395.52984564
6390.00987422
6384.47454562
6378.91535677
6373.32848047
6367.73884837
6362.12573768
6356.51076191
6350.87356643
6345.23903792
6339.58674847
6333.93547159
6328.2727988
6322.61115717
6316.93593188
6311.26223651
6305.59600743
6299.91855038
6294.24415992
6288.56131051
6282.87996587
6277.20686979
6271.52839813
6265.84834325
6260.17590548
6254.5025043
6248.82687769
6243.15850328
6237.49167456
6231.82282635
6226.15958011
6220.50173728
6214.83885153
6209.18271095
6203.53255811
6197.88542544
6192.23633272
6186.59365684
6180.95698343
6175.32222872
6169.68846158
6164.06051708
6158.43848612
6152.81672975
6147.19719139
6141.58348119
6135.9761785
6130.37408855
6124.77817814
6119.17960917
6113.58587968
6107.99829927
6102.41664822
6096.84033335
6091.2675652
6085.69563063
6080.12914568
6074.56861859
6069.01369933
6063.4643572
6057.91665152
6052.37245102
6046.83376705
6041.30094258
6035.77345343
6030.251471
6024.72973842
6019.21299345
6013.7017652
6008.19604927
6002.6954445
5997.2005778
5991.71131301
5986.22517132
5980.74163988
5975.26334483
5969.79019162
5964.32247271
5958.86045161
5953.40374024
5947.952415
5942.50321291
5937.05866401
5931.61915853
5926.18490307
5920.7559886
5915.33243135
5909.91380047
5904.499758
5899.08843994
5893.68234771
5888.28132783
5882.88559766
5877.49513347
5872.10983461
5866.72966902
5861.3527501
5855.97971323
5850.61161551
5845.24852738
5839.89064597
5834.5379642
5829.19029957
5823.8477682
5818.51042183
5813.17828503
5807.85109211
5802.5283929
5797.20857041
5791.89371074
5786.58372659
5781.27880685
5775.9789997
5770.68418427
5765.39441088
5760.10973734
5754.83015875
5749.55524816
5744.28348157
5739.01651611
5733.75451007
5728.49745873
5723.24535729
5717.99820095
5712.75587079
5707.51843979
5702.28593062
5697.05842792
5691.83583398
5686.61685958
5681.40198837
5676.19201789
5670.98692519
5665.78658745
5660.59113518
5655.40050365
5650.21452985
5645.03313571
5639.85571391
5634.68138295
5629.50899872
5624.33749327
5619.16751144
5614.00201307
5608.8455198
5603.70086976
5598.56310778
5593.42926498
5588.30087955
5583.17453206
5578.04882028
5572.92468356
5567.8032734
5562.6856468
5557.57238861
5552.46373615
5547.35973675
5542.26047227
5537.16598214
5532.07626191
5526.99126354
5521.91097802
5516.83418317
5511.76173628
5506.6940269
5501.63103536
5496.57271139
5491.51911149
5486.47023089
5481.42606475
5476.38660833
5471.35177186
5466.32163225
5461.29619087
5456.27544429
5451.25938864
5446.24794882
5441.24117636
5436.23907754
5431.24154105
5426.24863826
5421.25951815
5416.27386649
5411.29189388
5406.31209592
5401.33170175
5396.34678964
5391.35464991
5386.35763295
5381.36551421
5376.39282826
5371.45075431
5366.53879367
5361.64528975
5356.75574574
5351.86071366
5346.95841117
5342.0517354
5337.14460143
5332.23971522
5327.33851988
5322.4414775
5317.54884385
5312.66073081
5307.77674056
5302.89643831
5298.02062458
5293.14929524
5288.28242845
5283.41998529
5278.56201414
5273.70851086
5268.85947135
5264.01487317
5259.17474366
5254.3391126
5249.50797584
5244.68132918
5239.85916837
5235.04147757
5230.22822049
5225.41943677
5220.61512224
5215.81515943
5211.01948109
5206.22785347
5201.43970175
5196.65455374
5191.87212257
5187.09308452
5182.31917737
5177.55252239
5172.79357721
5168.04204977
5163.29603057
5158.55359718
5153.81378278
5149.0767631
5144.34309695
5139.61325757
5134.88752355
5130.16610825
5125.44896261
5120.7361887
5116.02777786
5111.32370168
5106.62398835
5101.92863383
5097.23763408
5092.55098506
5087.86868273
5083.19072306
5078.51710023
5073.84778838
5069.18280715
5064.52215255
5059.86582054
5055.21380713
5050.5661083
5045.92272006
5041.2836384
5036.64820011
5032.01697114
5027.39000188
5022.7672884
5018.1488268
5013.53461315
5008.92464355
5004.31891407
4999.71741493
4995.12012678
4990.52706678
4985.93823083
4981.35361496
4976.77321542
4972.1970287
4967.62502688
4963.05722785
4958.49363091
4953.93423204
4949.37902482
4944.82795683
4940.28110194
4935.73840872
4931.19985235
4926.66523633
4922.13417211
4917.60567898
4913.07802352
4908.54906642
4904.01821605
4899.48844612
4894.96686307
4890.4610862
4885.97347543
4881.49974203
4877.03175207
4872.56343929
4868.09305422
4863.6218813
4859.15158741
4854.68418471
4850.2204197
4845.76058054
4841.30477785
4836.8530412
4832.4053934
4827.96180091
4823.52229573
4819.08687413
4814.65553233
4810.22824509
4805.80502005
4801.38586362
4796.97077208
4792.55974167
4788.15276867
4783.74984934
4779.3509755
4774.95613652
4770.56534072
4766.1785839
4761.79586217
4757.41717181
4753.04250913
4748.67187042
4744.30525198
4739.9426501
4735.58405198
4731.22945641
4726.87886637
4722.53227816
4718.18968812
4713.85109712
4709.51650387
4705.18590467
4700.85929586
4696.53667375
4692.21803467
4687.90337156
4683.5926699
4679.28594031
4674.98317911
4670.68438529
4666.38955263
4662.09867741
4657.81175598
4653.5287847
4649.24975992
4644.97467801
4640.70353534
4636.43623158
4632.17280583
4627.91330177
4623.65771579
4619.40604428
4615.15828365
4610.91443031
4606.67448085
4602.43843154
4598.20627875
4593.97801888
4589.75364399
4585.53314693
4581.31653208
4577.10379588
4572.89493474
4568.68994512
4564.48882344
4560.29156615
4556.09815874
4551.90860549
4547.72290601
4543.54105784
4539.36305723
4535.18889975
4531.01858187
4526.85210005
4522.68945077
4518.53063051
4514.37563573
4510.224462
4506.07709082
4501.93353462
4497.79378988
4493.65785309
4489.52572076
4485.39738938
4481.27285369
4477.15210869
4473.03515416
4468.92198661
4464.81260257
4460.70699326
4456.60515755
4452.50709492
4448.4128019
4444.32227503
4440.23551084
4436.15250587
4432.07326885
4427.99775255
4423.92596416
4419.85790026
4415.79355746
4411.73268217
4407.67550947
4403.62204814
4399.5722898
4395.52622955
4391.48387054
4387.44520954
4383.41024315
4379.37896783
4375.35138022
4371.32747694
4367.30723982
4363.29067786
4359.27779016
4355.2686735
4351.26353086
4347.26207264
4343.26429324
4339.27017723
4335.27973484
4331.29296336
4327.30985941
4323.33041962
4319.35464062
4315.38251903
4311.4140515
4307.44922027
4303.48803215
4299.53048803
4295.57658761
4291.62629859
4287.67961128
4283.73652241
4279.79701022
4275.8610822
4271.92874283
4267.99998811
4264.07481143
4260.15321347
4256.23519093
4252.3207293
4248.40983147
4244.50249953
4240.59873034
4236.69852069
4232.80185845
4228.90873139
4225.01914902
4221.13362817
4217.25175733
4213.37344171
4209.49869396
4205.62736443
4201.75929917
4197.89409936
4194.030947
4190.16906272
4186.30853452
4182.45137613
4178.60079762
4174.75914586
4170.92551147
4167.09668843
4163.27000322
4159.44435891
4155.62031392
4151.79871469
4147.98015035
4144.16495835
4140.35315655
4136.54512713
4132.74090196
4128.94013188
4125.14281376
4121.34893337
4117.55846417
4113.77143724
4109.98784951
4106.20769817
4102.43095239
4098.65761768
4094.8876725
4091.1211014
4087.35790138
4083.59802457
4079.84151103
4076.08835906
4072.33867704
4068.59305168
4064.85082268
4061.11198695
4057.37652091
4053.6443864
4049.91557925
4046.19009579
4042.46789993
4038.74899305
4035.0334026
4031.32112721
4027.61282405
4023.90803765
4020.2065428
4016.5083362
4012.81333682
4009.12161364
4005.43316592
4001.74798051
3998.06598164
3994.38718301
3990.71155958
3987.03942568
3983.37124912
3979.70626667
3976.04447862
3972.38586012
3968.73034489
3965.07794618
3961.42870486
3957.78334702
3954.14139652
3950.50257977
3946.86676226
3943.23405108
3939.60446416
3935.97772746
3932.35416573
3928.73478194
3925.11831922
3921.50492839
3917.89443941
3914.28679265
3910.68205945
3907.08141696
3903.48365629
3899.88864899
3896.29651563
3892.70749452
3889.12227783
3885.5396787
3881.95983364
3878.38242979
3874.80774788
3871.23725926
3867.66942023
3864.103911
3860.54056869
3856.97966465
3853.42254182
3849.86682505
3846.31099317
3842.75198282
3839.17822124
3835.57507873
3831.93633308
3828.28722853
3824.67610173
3821.1479878
3817.69987153
3814.28107803
3810.84385657
3807.37209224
3803.8719189
3800.35835557
3796.84204446
3793.32527932
3789.81176921
3786.3003138
3782.79476987
3779.29445391
3775.80542056
3772.33324307
3768.89408633
3765.53001122
3762.36604524
3759.77043768
3758.62129424
3760.44210438
3766.80552449
3778.04726683
3792.50882452
3807.10128845
3818.76679556
3825.81135991
3828.44923124
3828.08194994
3826.09547719
3823.28388042
3819.94500773
3816.07235081
3811.34884182
3804.75620445
3793.05033417
3767.16333425
3708.07808258
3592.30739605
3417.65844658
3229.56545337
3100.45793307
3081.68832193
3173.04502993
3325.6437007
3471.56306053
3568.01354395
3615.50228443
3634.01228224
3639.86728954
3640.92918091
3640.12435852
3638.46050335
3636.30683685
3633.85317251
3631.1977083
3628.39318931
3625.48729713
3622.50991851
3619.47072968
3616.387966
3613.2694278
3610.12105231
3606.9496705
3603.75918007
3600.55969038
3597.35103376
3594.13453081
3590.91675965
3587.68525883
3584.45384608
3581.21312474
3577.97534965
3574.7303773
3571.48765023
3568.24130107
3564.99623997
3561.74891243
3558.50514256
3555.25976151
3552.01588116
3548.77463637
3545.53197257
3542.29272268
3539.05331887
3535.81522079
3532.58055146
3529.34937223
3526.11737844
3522.8877072
3519.6614385
3516.43851371
3513.21429605
3509.99327093
3506.77562773
3503.56126057
3500.35019189
3497.1385956
3493.93009016
3490.72479496
3487.52273505
3484.32385994
3481.12584595
3477.93092946
3474.73920235
3471.54888354
3468.36115391
3465.17638768
3461.99484382
3458.81645174
3455.64117393
3452.46870687
3449.29729002
3446.12898653
3442.96371325
3439.80144227
3436.64227172
3433.48614848
3430.33195875
3427.18017212
3424.03139042
3420.88565818
3417.74287538
3414.60313089
3411.46642813
3408.3322648
3405.19990542
3402.07050535
3398.94402735
3395.82051335
3392.70000135
3389.58246809
3386.46788096
3383.35629556
3380.24733146
3377.14008291
3374.035333
3370.93222673
3367.82902437
3364.72382224
3361.6174532
3358.51560993
3355.42592229
3352.35052858
3349.28360685
3346.21776586
3343.14958262
3340.07919533
3337.00971028
3333.94235491
3330.87766377
3327.81577115
3324.75668932
3321.70046593
3318.6470829
3315.59652088
3312.54880435
3309.50392637
3306.4619005
3303.42274925
3300.38635518
3297.35207002
3294.32057858
3291.29180238
3288.26577241
3285.24254796
3282.22211897
3279.20450028
3276.18969029
3273.17765589
3270.16842399
3267.161992
3264.1583573
3261.15751987
3258.15944783
3255.16416534
3252.17110565
3249.18073717
3246.19311479
3243.2082408
3240.22611265
3237.24671086
3234.27004889
3231.29612525
3228.32493458
3225.35645928
3222.39071479
3219.42769858
3216.46739968
3213.50980766
3210.55493644
3207.60278352
3204.65333556
3201.70659233
3198.76255994
3195.82123589
3192.88260273
3189.94666309
3187.01342436
3184.08288531
3181.15503514
3178.2298587
3175.30737328
3172.38756908
3169.4704195
3166.55590204
3163.64402083
3160.73477411
3157.82813022
3154.92411815
3152.02272508
3149.12392397
3146.22774802
3143.33417881
3140.4431417
3137.55465233
3134.66866656
3131.78522824
3128.90431805
3126.02587688
3123.14987707
3120.27627562
3117.40536496
3114.53744228
3111.67186402
3108.80857464
3105.94757238
3103.08878736
3100.2320553
3097.37738476
3094.52457937
3091.67354325
3088.82522943
3085.9782069
3083.13203128
3080.28613946
3077.44000374
3074.5948362
3071.75749473
3068.94385221
3066.18068623
3063.48438821
3060.84016274
3058.20123964
3055.52799771
3052.81274579
3050.06894293
3047.3086913
3044.54401876
3041.77575491
3039.00756272
3036.23605109
3033.45591315
3030.63841084
3027.64799152
3023.97136303
3018.24048755
3008.39322764
2993.98325742
2979.33538845
2971.94855614
2975.16068668
2984.31864195
2992.14538936
2995.42463363
2995.14292786
2993.20907075
2990.73111054
2988.09985236
2985.42172816
2982.72455767
2980.0165246
2977.3020833
2974.58503068
2971.86695679
2969.14736458
2966.4286688
2963.70960846
2960.99260389
2958.27680713
2955.56163672
2952.84880913
2950.13835114
2947.43030636
2944.72292372
2942.01763734
2939.31471538
2936.61406536
2933.91545651
2931.21897157
2928.52508225
2925.83347007
2923.14456408
2920.45770632
2917.76982505
2915.07407039
2912.35976367
2909.62354067
2906.88777794
2904.19337752
2901.5584655
2898.95632185
2896.34605574
2893.71284918
2891.06372062
2888.40911462
2885.75457229
2883.10188221
2880.45145391
2877.80341275
2875.15778138
2872.51455123
2869.8737521
2867.2353799
2864.59942424
2861.96590959
2859.3348195
2856.70615294
2854.07991333
2851.45591348
2848.83420068
2846.21488809
2843.59797896
2840.98347717
2838.37136124
2835.76165186
2833.1543432
2830.54942408
2827.94689119
2825.34675244
2822.74899924
2820.15362586
2817.56064005
2814.97003962
2812.38182239
2809.79598069
2807.21250386
2804.63140367
2802.05267794
2799.4763112
2796.90231103
2794.33067741
2791.7614013
2789.19447569
2786.62991143
2784.06770124
2781.50782807
2778.95030355
2776.39514318
2773.84236732
2771.2919942
2768.74397844
2766.19818506
2763.65461595
2761.11324442
2758.57407704
2756.03714388
2753.50241243
2750.9698217
2748.43931534
2745.91072472
2743.38368563
2740.85669888
2738.32300264
2735.75601546
2733.08622325
2730.22015167
2727.18144468
2724.24150206
2721.73479279
2719.66380992
2717.69237176
2715.54688807
2713.20446375
2710.75809347
2708.27857336
2705.7922634
2703.30601392
2700.82125204
2698.33840343
2695.85756853
2693.37886235
2690.90230434
2688.42792471
2685.9557472
2683.48577785
2681.0180092
2678.55243332
2676.08904064
2673.62784388
2671.16883281
2668.71240386
2666.25829245
2663.80638243
2661.35669632
2658.90921649
2656.4639427
2654.02088708
2651.5800394
2649.1413534
2646.70484401
2644.27049516
2641.83830307
2639.40828138
2636.98061036
2634.55550184
2632.132572
2629.71178683
2627.29308444
2624.87616957
2622.45997947
2620.04106506
2617.6135583
2615.17586902
2612.74126921
2610.33172646
2607.95280462
2605.58624463
2603.21257648
2600.8283948
2598.43931389
2596.0499544
2593.66208821
2591.27615613
2588.89224183
2586.51040151
2584.13100582
2581.75395037
2579.37894641
2577.00596478
2574.63504406
2572.26616081
2569.89930986
2567.53501154
2565.17287209
2562.81275713
2560.45467705
2558.09858261
2555.74447941
2553.39269817
2551.04328174
2548.69587734
2546.35045972
2544.00693529
2541.66537292
2539.32591453
2536.98908033
2534.65419126
2532.3211732
2529.99008879
2527.66085441
2525.33357199
2523.00896991
2520.68621753
2518.36530917
2516.04614968
2513.72947716
2511.41489522
2509.10212646
2506.79104643
2504.48221964
2502.17552438
2499.87057675
2497.56721221
2495.26622503
2492.96702159
2490.66854405
2488.36850669
2486.06408266
2483.75506806
2481.45042209
2479.16253333
2476.89243752
2474.62633897
2480.93751879
2478.64701981
2476.35642119
2474.06837965
2471.78314527
2469.50054665
2467.22165584
2464.94553885
2462.67268613
2460.40281394
2458.13591826
2455.87229352
2453.61116807
2451.35337865
2449.09801914
2446.84526573
2444.59500982
2442.34692778
2642948.14232
