1.0
0.99910474612
0.998210282589
0.997316608775
0.996423724043
0.995531627761
0.994640319297
0.993749798019
0.992860063294
0.991961615659
0.991061324391
0.990161855648
0.98926320868
0.988365382735
0.987468377065
0.986572190918
0.985676823548
0.984782274205
0.983888542143
0.982995626615
0.982103526873
0.981212242173
0.980321771769
0.979432114916
0.978543270871
0.977655238891
0.976768018233
0.975881608156
0.974996007918
0.974111216779
0.973227233999
0.97234405884
0.971461690563
0.97058012843
0.969699371704
0.968819419648
0.967940271483
0.967061926227
0.966184383148
0.965307641514
0.964431700594
0.963556559656
0.96268221797
0.961808674808
0.960935929437
0.960063981128
0.959192829153
0.958322472785
0.957452911298
0.956584143968
0.955716170068
0.954848988875
0.953982599401
0.95311700091
0.952252174146
0.951388030863
0.950524676912
0.949662111572
0.948800334124
0.94793934385
0.947079140033
0.946219721954
0.945361087872
0.944503237159
0.943646170045
0.942789885815
0.941934383755
0.941079663151
0.940225723292
0.939372563464
0.938520068573
0.93766834633
0.936817402475
0.935967236298
0.935117847089
0.934269234138
0.933421396735
0.932574334171
0.93172804574
0.930882530733
0.930037788444
0.929193818167
0.928350619196
0.927508190828
0.926666532357
0.92582564308
0.924985522295
0.9241461693
0.923307583393
0.922469763872
0.921632710039
0.920796421193
0.919960896636
0.919126135668
0.918292137594
0.917458901714
0.916626427334
0.915794713757
0.914963760288
0.914133566233
0.913304130898
0.91247545359
0.911647533616
0.910820370284
0.909993962903
0.909168310783
0.908343413232
0.907519269563
0.906695879085
0.905873241111
0.905051354954
0.904230219926
0.903409835341
0.902590200513
0.901771314758
0.900953177391
0.900135787729
0.899319145087
0.898503248784
0.897688098138
0.896873692467
0.896060031091
0.895247113329
0.894434938503
0.893623505933
0.89281281494
0.892002864847
0.891193654975
0.890385184647
0.889577453188
0.88877045992
0.887964204169
0.887158685259
0.886353902517
0.885549855269
0.88474654284
0.883943964559
0.883142119753
0.88234100775
0.881540627881
0.880740979474
0.87994206186
0.87914387437
0.878346416092
0.877549686256
0.876753684198
0.875958409254
0.875163860761
0.874370038054
0.873576940474
0.87278456734
0.871992917758
0.871201991069
0.870411786617
0.869622303743
0.86883354179
0.868045500102
0.867258178025
0.866471574902
0.865685690079
0.864900522903
0.86411596728
0.863332083621
0.862548916261
0.861766464544
0.860984727819
0.860203705432
0.859423396732
0.85864379368
0.857864801949
0.857086522395
0.856308954365
0.85553209721
0.85475595028
0.853980512926
0.8532057845
0.852431764353
0.851658451839
0.85088584631
0.85011394712
0.849342753624
0.848572265177
0.847802481134
0.847033400852
0.846265023688
0.845497348998
0.844730376142
0.843964104476
0.843198533362
0.842433662157
0.841669490224
0.840906016921
0.840143241612
0.839381163658
0.838619782422
0.837859097267
0.837099107556
0.836339812655
0.835581211928
0.834823304741
0.83406609046
0.833309568451
0.832553738083
0.831798598722
0.831044149738
0.830290390499
0.829537320375
0.828784938737
0.828033244954
0.827282238399
0.826531918442
0.825782284458
0.825033335818
0.824285071897
0.823537492068
0.822790595707
0.822044382189
0.821298850889
0.820554001184
0.819809832452
0.819066344069
0.818323535415
0.817581405867
0.816839954805
0.81609918161
0.81535908566
0.814619666339
0.813880923026
0.813142855104
0.812405461957
0.811668742966
0.810932697516
0.810197324991
0.809462624774
0.80872859625
0.807995238805
0.807262551825
0.806530534695
0.805799186803
0.805068507537
0.804338496283
0.80360915243
0.802880475366
0.802152464482
0.801425119166
0.800698438809
0.799972422803
0.799247070538
0.798522381407
0.797798354721
0.797074989619
0.796352285496
0.795630241749
0.794908857776
0.794188132975
0.793468066743
0.792748658481
0.792029907438
0.791311812923
0.790594374339
0.789877591088
0.789161462574
0.788445988202
0.787731167375
0.787016999499
0.786303483979
0.785590620221
0.784878372276
0.784166664405
0.78345560711
0.782745199797
0.782035441874
0.781326332748
0.780617871827
0.779910058518
0.779202827398
0.778496203139
0.777790225146
0.777084892828
0.776380205594
0.775676162855
0.774972764022
0.774270008505
0.773567895717
0.77286642507
0.772165595977
0.771465407851
0.770765860106
0.770066952158
0.769368683421
0.76867105331
0.767974061241
0.767277706633
0.766581988901
0.765886907463
0.765192461738
0.764498651144
0.763805475101
0.763112933029
0.762421024347
0.761729748478
0.761039104842
0.760349092861
0.759659711959
0.758970961557
0.75828284108
0.757595349951
0.756908487596
0.756222253439
0.755536646906
0.754851667423
0.754167314418
0.753483587316
0.752800485547
0.752118008538
0.751436155718
0.750754926516
0.750074320363
0.749394336688
0.748714974924
0.7480362345
0.747358114849
0.746680615404
0.746003735597
0.745327474862
0.744651832633
0.743976808344
0.743302401431
0.742628611329
0.741955437475
0.741282879304
0.740610936254
0.739939607762
0.739268893268
0.738598792208
0.737929304023
0.737260428152
0.736592164036
0.735924511114
0.735257468828
0.734591036619
0.733925213929
0.733260000201
0.732595394877
0.731931397401
0.731268007216
0.730605223768
0.729943046501
0.729281474861
0.728620508293
0.727960146245
0.727300388163
0.726641233495
0.725982681688
0.725324732191
0.724667384452
0.724010637812
0.723354491692
0.722698945545
0.722043998821
0.721389650974
0.720735901454
0.720082749716
0.719430195213
0.718778237398
0.718126875728
0.717476109655
0.716825938637
0.716176362129
0.715527379588
0.714878990471
0.714231194102
0.713583989846
0.712937377163
0.712291308468
0.711645818397
0.711000918523
0.710356608306
0.709712887208
0.709069754692
0.708427210219
0.707785253254
0.70714388326
0.706503099701
0.705862902043
0.70522328975
0.704584262288
0.703945819124
0.703307959723
0.702670625831
0.702033834068
0.701397624871
0.700761997706
0.700126952043
0.699492487348
0.69885860309
0.698225298739
0.697592573765
0.696960427638
0.696328859827
0.695697869806
0.695067457044
0.694437621015
0.69380836119
0.693179677044
0.692551568049
0.69192403368
0.69129707341
0.690670686716
0.690044873073
0.689419631956
0.688794962843
0.688170865209
0.687547338533
0.686924382293
0.686301995966
0.685680179031
0.685058930969
0.684438251258
0.683818139379
0.683198594813
0.682579617041
0.681961205544
0.681343359806
0.680726079308
0.680109363533
0.679493211966
0.67887762409
0.678262599389
0.67764813735
0.677034237457
0.676420899196
0.675808122054
0.675195905517
0.674584249073
0.67397315221
0.673362614416
0.67275263518
0.672143213991
0.671534350338
0.670926043712
0.670318293604
0.669711099504
0.669104460904
0.668498377296
0.667892848172
0.667287873025
0.666683451346
0.66607958263
0.66547626637
0.66487350206
0.664271289196
0.663669627272
0.663068515784
0.662467954229
0.661867942102
0.661268478901
0.660669564124
0.660071197267
0.659473377831
0.658876105313
0.658279379212
0.657683198948
0.657087563866
0.656492473468
0.655897927257
0.655303924734
0.654710465405
0.654117548772
0.65352517434
0.652933341613
0.652342050097
0.651751299297
0.651161088719
0.65057141787
0.649982286258
0.649393693388
0.648805638743
0.648218121655
0.647631141633
0.647044663777
0.646458654526
0.645873181287
0.645288243571
0.644703840889
0.64411997275
0.643536638662
0.642953838138
0.642371570691
0.641789835834
0.641208633081
0.640627961946
0.640047821944
0.63946821259
0.638889133399
0.638310572626
0.637732463984
0.637154884413
0.636577833428
0.636001310545
0.635425315282
0.634849847156
0.634274905685
0.633700489086
0.633126596898
0.632553229931
0.631980387706
0.631408069741
0.630836275558
0.630265004677
0.62969425662
0.629124030909
0.628554327065
0.627985144612
0.627416483072
0.626848341969
0.626280720827
0.62571361917
0.625147036523
0.624580972412
0.624015426361
0.623450397898
0.622885886549
0.62232189184
0.6217584133
0.621195450455
0.620633002835
0.620071069967
0.619509651382
0.618948746609
0.618388355177
0.617828476618
0.617269110461
0.616710256239
0.616151913483
0.615594081726
0.615036760499
0.614479949336
0.61392364777
0.613367855335
0.612812571566
0.612257795997
0.611703528163
0.611149767601
0.610596513845
0.610043766432
0.609491524899
0.608939788784
0.608388557624
0.607837830957
0.607287608321
0.606737889256
0.6061886733
0.605639959993
0.605091748875
0.604544039485
0.603996831366
0.603450124057
0.6029039171
0.602358210038
0.601813002413
0.601268293767
0.600724083644
0.600180371587
0.599637157141
0.59909443985
0.59855221926
0.598010494914
0.59746926636
0.596928533008
0.596388294389
0.595848550052
0.595309299544
0.594770542415
0.594232278214
0.59369450649
0.593157226792
0.592620438671
0.592084141678
0.591548335363
0.591013019277
0.590478192973
0.589943856002
0.589410007916
0.588876648268
0.588343776611
0.587811392499
0.587279436934
0.586747960826
0.586216971189
0.585686467578
0.585156449539
0.584626916473
0.584097867934
0.58356930348
0.583041222667
0.582513625044
0.581986510138
0.581459877477
0.580933726588
0.580408057
0.579882868242
0.579358159844
0.578833931337
0.578310182253
0.577786912123
0.577264120479
0.576741806856
0.576219970787
0.575698608636
0.575177655707
0.574657179222
0.574137178716
0.573617653725
0.573098600328
0.572580008281
0.572061877204
0.571544206516
0.571026995814
0.570510244949
0.569993953541
0.569478121214
0.568962747588
0.568447832288
0.567933374934
0.56741937515
0.566905832559
0.566392746785
0.56588011745
0.565367944178
0.564856226594
0.56434496432
0.563834225971
0.563324141063
0.56281452313
0.562305371744
0.56179668648
0.56128846691
0.560780712608
0.560273423149
0.559766598108
0.559260237059
0.558754339578
0.558248905241
0.557743933624
0.557239424304
0.556735376858
0.556231790862
0.555728665895
0.555226001534
0.554723797357
0.554222052943
0.553720767871
0.55321994172
0.55271957407
0.552219664501
0.551720212594
0.55122121793
0.550722680089
0.550224598653
0.549726973203
0.549229803323
0.548733088594
0.5482368286
0.547741022909
0.547245670959
0.546750772334
0.546256326619
0.545762333402
0.545268792268
0.544775702804
0.544283064598
0.543790877236
0.543299140308
0.5428078534
0.54231701605
0.541826627777
0.541336688171
0.540847196823
0.540358153324
0.539869557265
0.539381408237
0.538893699835
0.538406373131
0.537919492518
0.53743305759
0.536947067939
0.536461523156
0.535976422835
0.535491766568
0.53500755395
0.534523784574
0.534040458033
0.533557551062
0.533075055711
0.532593002186
0.532111390057
0.531630218895
0.531149488273
0.530669197761
0.530189346933
0.529709935362
0.529230962622
0.528752428288
0.528274331934
0.527796673136
0.52731945147
0.526842666512
0.52636631784
0.525890405031
0.525414927663
0.524939885316
0.524465277568
0.523991099943
0.523517345548
0.523044014028
0.522571105034
0.522098618212
0.521626553212
0.521154909682
0.52068368727
0.520212885626
0.519742504399
0.519272543239
0.518803001795
0.518333879717
0.517865176655
0.51739689226
0.516929026182
0.516461578072
0.51599454758
0.515526162477
0.515055360051
0.514584988625
0.514115047802
0.513645537189
0.513176456392
0.512707805018
0.512239582673
0.511771788965
0.511304423501
0.510837485889
0.510370975738
0.509904892656
0.509439236253
0.508974006137
0.508509201919
0.508044823208
0.507580869616
0.507117340752
0.506654236228
0.506191555655
0.505729298645
0.505267464808
0.504806053758
0.504345065107
0.503884498468
0.503424353454
0.502964629679
0.502505326756
0.502046444301
0.501587981927
0.50112993925
0.500672315885
0.500215111449
0.499758325556
0.499301957823
0.498846007867
0.498390475183
0.49793535933
0.497480659928
0.497026376595
0.496572508952
0.496119056619
0.495666019215
0.495213396362
0.494761187681
0.494309392793
0.49385801132
0.493407042885
0.492956487109
0.492506343617
0.49205661196
0.491607291762
0.491158382648
0.490709884242
0.490261742941
0.489813985895
0.489366638754
0.488919701142
0.488473172685
0.488027053009
0.48758134174
0.487136038504
0.486691142928
0.486246654638
0.485802573263
0.48535889843
0.484915629767
0.484472766902
0.484030279049
0.483588195729
0.483146517221
0.482705243154
0.482264373157
0.48182390686
0.481383843894
0.480944183889
0.480504926476
0.480066071287
0.479627617954
0.479189566108
0.478751915382
0.478314665408
0.47787781582
0.477441366251
0.477005316335
0.476569665706
0.476134413997
0.475699560845
0.475265105884
0.474831048748
0.474397389075
0.473964126501
0.47353126066
0.473098791191
0.47266671773
0.472235039915
0.471803757383
0.471372869771
0.470942376719
0.470512277864
0.470082572847
0.469653261306
0.469224342882
0.468795817213
0.468367683941
0.467939942706
0.467512593149
0.467085634912
0.466659067637
0.466232890964
0.465807104536
0.465381707996
0.464956700985
0.464532083056
0.464107853776
0.463684012956
0.463260560241
0.462837495275
0.462414817703
0.461992527168
0.461570623317
0.461149105796
0.460727974249
0.460307228323
0.459886867665
0.459466891921
0.45904730074
0.458628093692
0.458209270327
0.457790830294
0.457372773242
0.456955098822
0.456537806683
0.456120896477
0.455704367855
0.455288220468
0.454872453967
0.454457068005
0.454042062234
0.453627436305
0.453213189873
0.45279932259
0.452385834108
0.451972724083
0.451559992167
0.451147605128
0.450735551442
0.450323875141
0.44991257588
0.449501653313
0.449091107094
0.448680936879
0.448271142324
0.447861723083
0.447452678813
0.447044009171
0.446635713763
0.446227792201
0.445820244142
0.445413069246
0.445006267172
0.444599837577
0.444193780121
0.443788094464
0.443382780265
0.442977837186
0.442573264886
0.442169063027
0.441765231268
0.441361769273
0.440958676702
0.440555953218
0.440153598483
0.43975161216
0.439349971948
0.438948679439
0.438547754502
0.438147196799
0.437747005995
0.437347181753
0.436947723738
0.436548631614
0.436149905046
0.4357515437
0.43535354724
0.434955915333
0.434558647644
0.434161743841
0.433765203589
0.433369026556
0.432973212409
0.432577760815
0.432182671443
0.431787943961
0.431393578036
0.430999573337
0.430605929532
0.430212646291
0.429819723283
0.429427160177
0.429034956644
0.428643112353
0.428251626975
0.427860500181
0.427469731642
0.427079321029
0.426689268014
0.42629957227
0.425910233468
0.425521251287
0.425132625416
0.424744355347
0.424356440709
0.42396888118
0.423581676435
0.423194826149
0.422808329998
0.42242218766
0.422036398811
0.421650963128
0.421265880288
0.420881149969
0.42049677185
0.420112745608
0.419729070922
0.41934574747
0.418962774933
0.418580155652
0.418197893897
0.417815901292
0.417434239734
0.417052927852
0.416671965325
0.416291351833
0.415911087056
0.415531170675
0.41515160237
0.414772381823
0.414393508715
0.414014982728
0.413636803543
0.413258970843
0.412881484311
0.412504343629
0.41212754848
0.411751098548
0.411374993516
0.410999233067
0.410623816887
0.410248744658
0.409874016065
0.409499630794
0.409125588529
0.408751888957
0.408378531761
0.40800551663
0.407632843248
0.407260511304
0.406888520482
0.406516870471
0.406145560958
0.405774591632
0.405403962169
0.405033672126
0.404663721192
0.404294109057
0.403924835412
0.403555899947
0.403187302352
0.402819042318
0.402451119538
0.402083533703
0.401716284504
0.401349371634
0.400982794785
0.40061655365
0.400250647922
0.399885077294
0.399519841461
0.399154940115
0.398790368724
0.398426072241
0.398062109584
0.397698480448
0.397335184525
0.396972221512
0.396609591102
0.396247292992
0.395885326876
0.39552369245
0.395162389411
0.394801417455
0.394440776277
0.394080465575
0.393720485045
0.393360834384
0.393001513289
0.392642521458
0.392283858588
0.391925524378
0.391567518526
0.391209840731
0.390852490691
0.390495468106
0.390138772675
0.389782404098
0.389426362075
0.389070646307
0.388715256494
0.388360192336
0.388005453334
0.387651039175
0.387296949564
0.386943184203
0.386589742796
0.386236625048
0.385883830663
0.385531359345
0.385179210799
0.384827384731
0.384475880846
0.384124698849
0.383773838447
0.383423299346
0.383073081252
0.382723183872
0.382373606914
0.382024350084
0.381675323459
0.381326610429
0.380978217037
0.380630142988
0.38028238799
0.379934951751
0.379587833978
0.37924103438
0.378894552663
0.378548388537
0.378202541709
0.377857011888
0.377511798784
0.377166902138
0.376822321737
0.376478057178
0.376134108171
0.375790474426
0.375447155651
0.375104151558
0.374761461855
0.374419086254
0.374077024465
0.373735276173
0.373393841047
0.373052718759
0.372711908979
0.372371411378
0.372031225628
0.371691351402
0.371351788372
0.371012536214
0.3706735946
0.370334963205
0.369996641704
0.369658629773
0.369320927087
0.368983533323
0.368646448158
0.36830967127
0.367973202338
0.367637029699
0.367301146019
0.366965551092
0.366630244712
0.366295226673
0.36596049677
0.365626054796
0.365291900546
0.364958033814
0.36462445429
0.364291161675
0.363958155765
0.363625436354
0.363293003239
0.362960856216
0.36262899508
0.362297419626
0.36196612965
0.361635338784
0.361304977532
0.360974918912
0.360645162648
0.360315708462
0.35998655608
0.359657705224
0.35932915562
0.359000906993
0.358672912589
0.358345176882
0.35801774168
0.35769060671
0.357363771694
0.357037236359
0.35671100043
0.356385063631
0.356059425689
0.35573408633
0.35540904528
0.355084302265
0.354759857013
0.354435709249
0.354111858702
0.353788305099
0.353465048167
0.353142087635
0.352819423231
0.352497054683
0.35217498172
0.351853204071
0.351531721466
0.351210533633
0.350889640302
0.350569041204
0.350248736067
0.349928724623
0.349609006603
0.349289581735
0.348970449751
0.348651610383
0.348333063361
0.348014808416
0.347696845281
0.347379173688
0.347061793368
0.346744704055
0.346427905481
0.346111397378
0.345795179481
0.345479251523
0.345163613237
0.344848264211
0.344533204247
0.34421843318
0.343903950515
0.343589755986
0.343275849332
0.342962230288
0.342648898593
0.342335853983
0.342023096197
0.341710624972
0.341398440046
0.341086541159
0.340774928047
0.340463600451
0.340152558135
0.339841800943
0.339531328484
0.339221074421
0.338911075904
0.338601361718
0.338291931603
0.337982785298
0.337673922543
0.337365343078
0.337057046643
0.336749032978
0.336441301823
0.33613385292
0.335826686008
0.335519800831
0.335213197128
0.334906874642
0.334600833114
0.334295072288
0.333989591904
0.333684391696
0.333379471356
0.333074830626
0.332770469252
0.332466386975
0.332162583539
0.33185905869
0.33155581217
0.331252843725
0.330950153099
0.330647740037
0.330345604284
0.330043745586
0.329742163688
0.329440858336
0.329139829277
0.328839076256
0.328538598918
0.328238392527
0.327938438803
0.327638759982
0.327339355814
0.327040226047
0.32674137043
0.326442788713
0.326144480646
0.325846445979
0.325548684462
0.325251195845
0.32495397988
0.324657036316
0.324360364906
0.3240639654
0.32376783755
0.323471981108
0.323176349435
0.322880929738
0.322585781126
0.322290903351
0.321996296163
0.321701959316
0.32140789256
0.321114095648
0.320820568332
0.320527310365
0.3202343215
0.319941601489
0.319649150086
0.319356967045
0.319065052119
0.318773405062
0.318482025629
0.318190913573
0.317900068649
0.317609490612
0.317319179215
0.317029134214
0.316739355363
0.316449842418
0.316160595135
0.315871613267
0.315582896573
0.315294444807
0.315006257727
0.314718335088
0.314430676647
0.314143282163
0.313856151391
0.313569284089
0.313282680015
0.312996338863
0.312710260292
0.31242444397
0.312138889649
0.311853597088
0.311568566049
0.311283796292
0.31099928758
0.310715039674
0.310431052336
0.310147325327
0.309863858411
0.309580651349
0.309297703904
0.309015015839
0.308732586917
0.308450416901
0.308168505555
0.307886823663
0.307605309147
0.307324053069
0.307043055192
0.306762315279
0.306481833093
0.306201608397
0.305921640954
0.305641930529
0.305362476885
0.305083279786
0.304804338996
0.304525654278
0.304247225396
0.303969052116
0.303691134202
0.303413471417
0.303136063529
0.302858910301
0.302582011447
0.302305366713
0.302028975865
0.301752838668
0.30147695489
0.301201324297
0.300925946657
0.300650821735
0.300375949299
0.30010132895
0.299826960353
0.299552843279
0.299278977495
0.299005362772
0.298731998878
0.298458885584
0.29818602266
0.297913409874
0.297641023494
0.297368877214
0.29709698048
0.296825333007
0.296553934514
0.29628278472
0.296011883342
0.295741230099
0.295470824713
0.295200591466
0.294930559039
0.294660774115
0.294391236413
0.294121945654
0.29385290156
0.293584103852
0.293315552251
0.293047246482
0.292779186268
0.292511371332
0.292243785323
0.291976419855
0.291709275106
0.291442350688
0.29117564643
0.290909162205
0.290642897887
0.29037685335
0.290111028465
0.289845422938
0.289580036519
0.289314869082
0.289049920502
0.288785190652
0.288520679408
0.288256386643
0.287992312231
0.287728456047
0.28746513806
0.287202217023
0.286939537203
0.286677098378
0.286414900328
0.286152942835
0.285891225677
0.285629748636
0.285368511492
0.28510743774
0.284846546565
0.284585895158
0.284325483298
0.284065310763
0.283805377333
0.283545682787
0.283286226905
0.283027009468
0.282768030255
0.282509289047
0.282250785624
0.281992519767
0.281734491258
0.281476699877
0.281219145405
0.280961827625
0.280704746319
0.280447901267
0.280191292254
0.279934918875
0.279678780782
0.27942287776
0.279167209594
0.278911776069
0.278656576972
0.278401612086
0.278146881199
0.277892384097
0.277638120565
0.277384090391
0.277130293361
0.276876729262
0.27662339788
0.276370299003
0.276117432416
0.275864797908
0.275612395264
0.275360139387
0.275108053813
0.274856200044
0.274604577851
0.274353186976
0.274102027087
0.273851097921
0.273600399435
0.273349931418
0.273099693656
0.272849685939
0.272599908052
0.27235035973
0.272101040476
0.271851950081
0.271603088336
0.271354455034
0.271106049965
0.270857872922
0.270609923696
0.27036220208
0.270114700988
0.269867406975
0.269620340057
0.269373500025
0.269126886672
0.268880499789
0.26863433917
0.268388404605
0.268142695889
0.267897186928
0.267651772009
0.267406582937
0.267161619503
0.266916881499
0.266672368715
0.266428080945
0.26618401798
0.265940179612
0.265696565634
0.265453175839
0.265210010018
0.264967067966
0.264724349159
0.264481853284
0.26423958014
0.263997529523
0.26375570123
0.263514095059
0.263272710809
0.263031548278
0.262790607262
0.26254988756
0.26230938897
0.262069111288
0.261829054313
0.261589217841
0.261349601669
0.261110205594
0.260871029413
0.260632072922
0.260393188685
0.260154474766
0.259915980702
0.259677706285
0.259439651311
0.259201816192
0.258964200545
0.25872680372
0.258489625474
0.258252665535
0.258015923631
0.257779399494
0.257543092694
0.257307002641
0.257071129071
0.256835471721
0.256600030327
0.256364804626
0.256129794356
0.255894999254
0.255660419058
0.255426053508
0.255191902344
0.254957965306
0.254724242135
0.254490732573
0.254257418105
0.254024285665
0.253791335184
0.25355856659
0.253325905124
0.253093275731
0.252860828894
0.25262856454
0.252396482592
0.252164582731
0.251932864636
0.251701328232
0.251469973446
0.251238800207
0.251007808439
0.250776998069
0.250546369022
0.250315921225
0.250086017362
0.249856568881
0.249627331431
0.249398304818
0.249169488844
0.248940883276
0.248712487714
0.248484301486
0.248256324402
0.248028442477
0.247800653146
0.247573073287
0.247345702707
0.247118541212
0.246891588507
0.246664844335
0.246438308659
0.24621198128
0.245985862001
0.245759950625
0.245534246949
0.245308750673
0.245083460473
0.244858358038
0.244633366108
0.244408354653
0.244183549774
0.243958951253
0.243734558857
0.243510372354
0.243286391495
0.243062616023
0.242839044571
0.242615675931
0.242392509814
0.242169545909
0.241946783889
0.241724223397
0.241501862356
0.241279654262
0.241057113474
0.24083476978
0.240612621746
0.24039066895
0.240168906255
0.239947332972
0.239725942713
0.239504734378
0.239283701049
0.239062837237
0.23884161685
0.238620114276
0.238398760889
0.238177547616
0.237956464992
0.237735499844
0.237513833498
0.237291827375
0.237069910461
0.236846899342
0.236623485098
0.236400146325
0.236174641505
0.235949076432
0.235720740556
0.235492135569
0.235260493912
0.235026482489
0.234790016466
0.234549122054
0.234304310909
0.234055377358
0.233802116644
0.233542746821
0.233277691892
0.233008144894
0.232733343481
0.232453830364
0.232171116256
0.231886884196
0.231602060003
0.231317899774
0.23103903344
0.230762781039
0.230496196265
0.230240444146
0.229996155093
0.22976512241
0.229547004587
0.229343426904
0.229155381005
0.228980014507
0.228816054689
0.228661749704
0.228515627484
0.228374428902
0.228235994247
0.228098522
0.227960975794
0.227821238049
0.227677676073
0.227527534103
0.227372824682
0.227211931087
0.227045267722
0.226873531795
0.226695928711
0.226515044228
0.226328116454
0.226138305908
0.225945869839
0.225749488148
0.225552547254
0.225352404193
0.225152424426
0.224950158034
0.224747526384
0.224544980492
0.224341179921
0.224136779999
0.223932196244
0.223727796305
0.223523578676
0.223318949953
0.223114031624
0.222909299218
0.222704752575
0.222500391537
0.222295912171
0.222091084345
0.221886437866
0.221681979586
0.221477709331
0.221273626932
0.221069732215
0.220866026054
0.220662509001
0.220459178263
0.220256033423
0.220053074317
0.219849644827
0.219646389073
0.219443321124
0.219240440805
0.21903774794
0.218835242292
0.218632923588
0.218430791557
0.218228845926
0.218027086425
0.217825512782
0.217624124728
0.217422921415
0.217221902132
0.217021066618
0.216820005547
0.216619007112
0.216418193712
0.216217565083
0.216017120964
0.215816861092
0.215616785209
0.215416893055
0.215217153162
0.215017548429
0.214818078875
0.214618743374
0.214419542651
0.214220476066
0.214021543646
0.213822460262
0.213623291126
0.213424258167
0.213225361403
0.213026600852
0.212827976527
0.212629488446
0.212431136623
0.212232921073
0.212034841808
0.211836898839
0.211639711986
0.211443029447
0.211246528353
0.211050208544
0.210853875553
0.210657370944
0.210461049229
0.210264910037
0.210068951925
0.209873176204
0.209677582702
0.209482171248
0.209286941669
0.209091893792
0.208897027445
0.208702342456
0.208507838652
0.208313514628
0.208119370041
0.207925311788
0.207730896306
0.20753666187
0.207342608205
0.207148735038
0.206955042096
0.206761529106
0.206568195799
0.206375041905
0.206182066517
0.205989268772
0.205796648185
0.205604204276
0.205411937244
0.205219846833
0.205027932786
0.204835573252
0.204643300661
0.204451153364
0.204259131398
0.204067234663
0.203875461932
0.203683813255
0.203492288678
0.20330088825
0.203109612015
0.202918460016
0.202727108684
0.202535577339
0.202344172753
0.202152894956
0.201961743978
0.201770718703
0.20157981868
0.201389512527
0.201199939185
0.201010534273
0.20082130459
0.200632178731
0.20044258183
0.200253163041
0.200063922083
0.199874858677
0.199685971947
0.199497260332
0.199308723572
0.199120361408
0.198932173579
0.198744159826
0.198556320456
0.198368065456
0.198179734149
0.197991579071
0.197803599953
0.197615773309
0.197428062425
0.197240467142
0.197052987534
0.196865623678
0.196678375646
0.196491243508
0.196303916134
0.19611603641
0.195928276513
0.195740636358
0.195553114608
0.195365711637
0.195178426078
0.194991257878
0.194804206982
0.194617273336
0.194430456887
0.194244221669
0.194057821123
0.193871472994
0.193685301482
0.1934993063
0.193313486982
0.193127840911
0.192942365994
0.192757064624
0.192571934292
0.192386974369
0.192202184605
0.19201693206
0.19183109835
0.191645375297
0.191459763
0.191274261561
0.19108887105
0.19090359143
0.190718422662
0.190533364702
0.19034841539
0.190163574397
0.189978744629
0.189792771894
0.189605931139
0.189419206608
0.189232598248
0.189046105276
0.188859725644
0.188673459325
0.188487939373
0.188302005759
0.188116249154
0.187930669279
0.187745251397
0.187559936186
0.18737472274
0.187189608578
0.187003441563
0.186817210921
0.186631087533
0.186445071375
0.186259162255
0.186073356842
0.185887655148
0.185701654476
0.18551465776
0.185327770614
0.185140992606
0.184954317308
0.184767749703
0.184581287588
0.184395220168
0.184209262187
0.184022899354
0.183836716771
0.183650714016
0.18346486208
0.183279106721
0.183093447309
0.182907788017
0.182720367366
0.182533050458
0.182345837326
0.182158728003
0.181971721424
0.181784814115
0.181598006149
0.181410248989
0.181221342812
0.181032547041
0.180843856742
0.180655256334
0.180466679071
0.180278125313
0.180090151452
0.179900927273
0.179711411509
0.179522000933
0.179332695598
0.179143495577
0.178954400935
0.17876541095
0.178575886681
0.17838441711
0.178193058109
0.178001809553
0.177810671244
0.177619543533
0.177426998031
0.177233454431
0.17704133842
0.176849313299
0.176657379213
0.176465531014
0.176271197251
0.176076547901
0.175881994981
0.175687550414
0.175493209135
0.175298497927
0.175100934344
0.174903473008
0.174706030693
0.174508578441
0.174311071555
0.174113764512
0.173914513331
0.173715358003
0.173516298573
0.173317335071
0.173118462093
0.172916385681
0.172713256805
0.172510185088
0.172307092996
0.172103980011
0.171900720163
0.171692423389
0.171484121976
0.171275816589
0.171069238371
0.170863230262
0.17065531606
0.170443559266
0.170231923606
0.170020261348
0.169808560794
0.169596813516
0.169381454037
0.169163952861
0.168946431823
0.168729710633
0.168510331062
0.168290127659
0.168070059553
0.167849978554
0.167624286592
0.167398561924
0.167172806105
0.166945444787
0.166713226848
0.166480997062
0.166248756882
0.166016277624
0.165779794008
0.165543242376
0.165306694008
0.165065208905
0.164820569458
0.164575962476
0.164331330423
0.164079195027
0.16382525733
0.163571216061
0.163318400254
0.1630566238
0.162794923077
0.162533287431
0.162269176373
0.161995383543
0.161721533218
0.161447631561
0.161170872219
0.16088592885
0.160601251625
0.160316538641
0.160023479631
0.15972500924
0.159426449259
0.159118727843
0.158810404125
0.158502035635
0.158180085724
0.157857026473
0.157533245778
0.157193421138
0.156853688374
0.156512766853
0.156157638164
0.15580284567
0.15544084772
0.155065099488
0.154689723146
0.154305226536
0.153909299615
0.153513982207
0.153100401236
0.152677770121
0.152256979472
0.151813052184
0.151363156017
0.150914195084
0.150439136159
0.149963791281
0.149462689111
0.148959206235
0.148432869574
0.147901456353
0.14734633531
0.146780541875
0.146197185901
0.145589224568
0.144965835094
0.144336946588
0.143673774211
0.142989348091
0.142289903144
0.141550899817
0.140797601943
0.140014230269
0.139193884249
0.138359697537
0.13747410008
0.136563862264
0.135619739742
0.134635766868
0.133598903087
0.132521862391
0.131405753005
0.13024829741
0.129015232665
0.127731382037
0.12639676381
0.125010126841
0.123549572105
0.12202080797
0.120418664608
0.11873767097
0.116967042308
0.115101694789
0.113129349218
0.111037024234
0.108807784627
0.106431832589
0.103857009487
0.101093037643
0.0981106696133
0.0948265138982
0.0912515490076
0.0873143332737
0.0829783871473
0.0781976603031
0.072959181092
0.0672651801763
0.0611840892175
0.0548018434433
0.0483227125778
0.0419584520328
0.0358681608457
0.0303014984639
0.0253720601951
0.0211133347692
0.0175478893336
0.0146048906194
0.0122370686923
0.0103316772028
0.00883191656582
0.00764499211786
0.00672633703479
0.00600829943052
0.00546709639116
0.00506235073762
0.00478244874884
0.00460494256049
0.00452406075324
0.00453063254311
0.00463320588224
0.00483311581291
0.0051379031682
0.00556950363986
0.00614318515494
0.00690163591572
0.00787280021308
0.0091215831906
0.0107026243512
0.0127035608016
0.0151937077697
0.0182505543019
0.0219385176075
0.0263089471699
0.0313470471589
0.0369541525513
0.0430056337841
0.0493155521343
0.055612754169
0.0617765071624
0.067620961434
0.0730951035653
0.0781473434428
0.0827784574805
0.0869968053775
0.0908377430953
0.0943871498856
0.0976406749359
0.100659123414
0.103425376318
0.105997837221
0.108386705438
0.110612119315
0.112694824193
0.114627579178
0.11644433594
0.11812862396
0.119713537063
0.121187832355
0.122566710242
0.123858453179
0.12508148803
0.126215915349
0.127291163469
0.12828546937
0.129242285312
0.130133454497
0.13096092419
0.131748817139
0.132473893629
0.133168084243
0.133821173809
0.134451119428
0.135013946233
0.13556974386
0.136079941101
0.136562654258
0.137012220591
0.137440187752
0.137852725989
0.13822795832
0.138589163996
0.138918599302
0.13924201722
0.139535469302
0.139812373361
0.140077583591
0.140325269956
0.140556461266
0.140764562844
0.140968330955
0.141157195103
0.14133978904
0.141507705192
0.141658852724
0.141800923713
0.14193446668
0.142061387896
0.142176699969
0.14227683906
0.142378046237
0.142463331107
0.142545447278
0.142628646589
0.142688341464
0.142745869721
0.142802616237
0.142845187092
0.142888846434
0.142930042326
0.142961241897
0.142989139639
0.14300856698
0.143020855822
0.143033762594
0.143041119258
0.143043782498
0.143047069853
0.143044105413
0.143032890956
0.143021688188
0.143003154374
0.142983941705
0.142965278726
0.142939015218
0.142913348635
0.142883126471
0.142846167409
0.142807937856
0.14276496258
0.142722595378
0.142680715201
0.142635850612
0.142587063175
0.142538771079
0.142490952615
0.142437107405
0.142378120977
0.142319371071
0.142259528669
0.142195663478
0.14213220251
0.142069164907
0.14200238104
0.141935241951
0.141868539543
0.141799755409
0.141724881086
0.141650244511
0.141575588789
0.141497381521
0.141419430649
0.141341709243
0.141260815695
0.141179782985
0.141098998047
0.141014980711
0.140930327029
0.140846111914
0.14075964408
0.140667817985
0.140575329224
0.140483084391
0.140390803024
0.14029568534
0.140200853775
0.140106265382
0.140011915061
0.139917800665
0.139823908575
0.139730254337
0.139636830489
0.139543783558
0.139452660825
0.139361774505
0.139268101634
0.139174188485
0.139080463933
0.13898667691
0.138890973345
0.138795466335
0.138699199191
0.138601321958
0.138503659729
0.138404839228
0.138304539627
0.138204452573
0.138104574657
0.138004943861
0.137902997067
0.13780116238
0.137699544988
0.137598148482
0.137494196308
0.137388082986
0.137282046
0.137176085649
0.137070227889
0.136964544235
0.136858256821
0.136751164346
0.136644263357
0.136537553667
0.136431035085
0.136324681816
0.136217378581
0.136109877573
0.13600256742
0.1358954388
0.135788503419
0.135681690566
0.135573789502
0.135466083856
0.135358573415
0.135251257968
0.135143435014
0.1350337711
0.13492341576
0.134813148251
0.134703009894
0.13459304928
0.134483264905
0.134372934796
0.1342624319
0.134152108483
0.134041963188
0.13393199563
0.13382220387
0.133711700288
0.133601312665
0.133491103213
0.133381071534
0.13327121767
0.133161356626
0.133051020665
0.132940863274
0.13283088427
0.132720236684
0.13260872501
0.132496903577
0.132384842864
0.132272874021
0.132160997201
0.132049212554
0.131937526609
0.131825370752
0.131713186257
0.131601097327
0.131489095971
0.13137718816
0.131265366471
0.1311530982
0.131041004874
0.13092908602
0.130817341238
0.130705771324
0.130594379038
0.130483158186
0.130371734349
0.130260135409
0.130148709773
0.130037457054
0.129926376864
0.129815467919
0.129704729475
0.129594161161
0.129483192146
0.129372275212
0.129260030034
0.129147879822
0.129035824204
0.128923836257
0.128811942549
0.128699976181
0.128587734778
0.128475590163
0.128363542423
0.128251591639
0.128139737382
0.128027979224
0.127916317251
0.127804414878
0.12769247074
0.127580625027
0.127468877808
0.127357229149
0.127245678361
0.127134225428
0.127022886927
0.126911325933
0.126799924161
0.12668868127
0.126577596922
0.126466671445
0.126355906085
0.126245297448
0.126134653162
0.126023973424
0.125913451045
0.125803085695
0.125692877043
0.125582824294
0.125472926912
0.125363184578
0.125253310532
0.1251435587
0.125032737368
0.124922009943
0.124811379191
0.12470084444
0.124590405617
0.124479972965
0.124369418039
0.124258960132
0.124148599201
0.124038335211
0.123928167921
0.123818097071
0.123708122696
0.123598064372
0.123488021367
0.123378076048
0.123268228444
0.123158478581
0.123048825936
0.122939270459
0.122829791062
0.122720179465
0.122610666182
0.122501251233
0.122391934638
0.122282719235
0.122173614928
0.122064625337
0.121955670957
0.121846742942
0.121737956667
0.12162931185
0.121520808223
0.121412445516
0.121304223462
0.121196141792
0.12108798581
0.120979940264
0.120872035331
0.120764270742
0.12065664619
0.120549160854
0.120441814474
0.120334606789
0.12022753754
0.120120280774
0.12001260148
0.119904898968
0.11979715456
0.119689502499
0.119581946658
0.119474486953
0.11936712297
0.119259854471
0.119152681376
0.119045603608
0.118938621087
0.118831733735
0.118724926442
0.11861799569
0.118511160853
0.11840442185
0.118297778612
0.118191231027
0.118084778769
0.117978421838
0.117872160237
0.117765993967
0.117659923026
0.117553947413
0.117447936339
0.117341959282
0.117236078352
0.117130293542
0.117024604844
0.116919011925
0.116813514685
0.116708113107
0.116602807183
0.116497596906
0.116392487934
0.116287463037
0.116182436021
0.116077537426
0.115972767026
0.115868124595
0.115763609724
0.115659221954
0.115554961065
0.115450826837
0.11534681905
0.115242937484
0.115139181923
0.115035423303
0.11493175299
0.114828204826
0.114724782506
0.114621485789
0.114518201265
0.114414500831
0.11431089356
0.114207379369
0.114103958174
0.114000629889
0.113897320148
0.113794009137
0.1136907911
0.113587665948
0.113484633595
0.113381693952
0.11327884693
0.113176092438
0.113073430382
0.112970860251
0.112868381873
0.112765987014
0.112663545683
0.112561196407
0.112458939068
0.112356773322
0.11225469862
0.112152714826
0.112050821795
0.111948952379
0.111847083252
0.11174530407
0.11164361459
0.111542014514
0.111440503465
0.111339080032
0.111237743405
0.111136323987
0.111034958916
0.110933677355
0.110832477035
0.11073135578
0.110630310889
0.110529249803
0.110428089046
0.110326995825
0.110225965917
0.110124993568
0.11002403597
0.109922769856
0.109821526199
0.109720280611
0.109619001939
0.109517266875
0.109415318361
0.109313172089
0.10921026675
0.10910697299
0.10900286134
0.108897966565
0.108792068931
0.108685066072
0.108576900761
0.10846722135
0.108355894394
0.108242284516
0.108125117075
0.108003344695
0.107874822379
0.107736290073
0.107584922454
0.107415119531
0.107222541793
0.107002140309
0.106751913401
0.106468786423
0.106156929638
0.105823038172
0.105480582659
0.10514368305
0.104829511225
0.104560465817
0.104351690035
0.10421392923
0.104153496833
0.104165462871
0.104240713022
0.104365137177
0.104515032384
0.104673566715
0.104828062658
0.104960721412
0.105060687769
0.105129231925
0.105164003312
0.105169366392
0.105147989404
0.105107055614
0.10505063977
0.104982581583
0.104906606676
0.104825280888
0.104740003288
0.104652180485
0.104562647833
0.104472092124
0.10438052268
0.104288631647
0.104196080667
0.104103301235
0.104010311008
0.103917251512
0.103823906986
0.103730619682
0.103637036299
0.1035435353
0.103450116621
0.103356568228
0.103262993967
0.10316950314
0.103076095465
0.10298253936
0.102889028271
0.102795601159
0.102702257953
0.102608998578
0.10251579895
0.102422546909
0.102329378904
0.10223629486
0.102143245255
0.102050197254
0.101957233524
0.101864353984
0.101771558552
0.101678847014
0.101586219169
0.101493674933
0.101401125336
0.101308628828
0.101216216149
0.101123887196
0.101031641855
0.100939479678
0.100847400513
0.100755388212
0.100663377515
0.10057144958
0.100479603773
0.100387839805
0.100296157356
0.100204555943
0.100113034697
0.100021537714
0.0999300703403
0.0998386819248
0.0997473710886
0.0996561365103
0.0995649758815
0.0994738860319
0.0993828623816
0.0992917627558
0.0992007129447
0.0991097125091
0.0990187477735
0.0989277609732
0.0988366188318
0.0987454655252
0.0986542878107
0.0985630157171
0.0984714843065
0.0983799573476
0.0982880867243
0.0981961811675
0.0981037951055
0.0980109504986
0.0979172240891
0.0978222441143
0.0977254032451
0.097625895537
0.0975223477461
0.0974138265236
0.0972995218255
0.0971784017523
0.0970507320052
0.096916884972
0.0967788191789
0.0966401217906
0.0965040083595
0.0963752603348
0.0962581318058
0.0961560792869
0.0960698916219
0.0960001045051
0.0959451210867
0.0959004830071
0.0958626475399
0.0958269384491
0.0957893058494
0.0957474991173
0.0956986071722
0.0956427783056
0.0955799927536
0.0955109675799
0.0954370413783
0.0953593010387
0.0952786854519
0.0951960625558
0.0951121134621
0.0950273954804
0.0949421085695
0.0948563667159
0.0947705457027
0.0946845179107
0.0945985668561
0.094512507993
0.0944263970234
0.0943403637444
0.0942544080889
0.0941684281682
0.0940824383945
0.0939965268091
0.093910693342
0.0938249378577
0.0937392602473
0.0936536604419
0.0935680426432
0.093482484373
0.0933970041625
0.0933116019409
0.0932262776378
0.0931410311828
0.0930558625057
0.0929707607661
0.092885693695
0.0928007044085
0.0927157928357
0.0926309589054
0.0925462025106
0.0924615235299
0.0923769218931
0.0922923688881
0.0922078760325
0.0921234604955
0.0920391222068
0.0919548610956
0.0918706770787
0.0917865700165
0.0917025399212
0.0916185867223
0.0915347103497
0.0914509107333
0.0913671878029
0.0912835414719
0.0911999716078
0.0911164781414
0.0910330451892
0.0909496662425
0.0908663636394
0.0907831373103
0.0906999871855
0.0906169131953
0.0905339152703
0.0904509933398
0.0903681473293
0.0902853771693
0.0902026827908
0.0901200641244
0.0900375211009
0.0899550536511
0.0898726617061
0.0897903378797
0.089708061798
0.0896258611545
0.0895437358799
0.0894616859049
0.0893797111397
0.0892978114806
0.0892159868588
0.0891342372057
0.0890525624528
0.0889709620352
0.0888894340806
0.0888079808289
0.0887266022116
0.08864529814
0.0885640685186
0.0884829132796
0.0884018323553
0.088320825678
0.0882398931802
0.0881590347941
0.0880782504521
0.0879975400867
0.0879168945382
0.0878363073544
0.0877557940432
0.0876753545369
0.0875949887681
0.087514696669
0.0874344768101
0.0873543303946
0.0872742574525
0.087194248717
0.0871143011053
0.0870344268507
0.0869546258859
0.0868748981434
0.0867952435133
0.0867156619
0.0866361532368
0.0865567174572
0.0864773544945
0.0863980642822
0.0863188467538
0.0862397018427
0.0861606294825
0.0860816296068
0.0860027021493
0.0859238470437
0.0858450642238
0.0857663536235
0.0856877151768
0.0856091488175
0.0855306544797
0.0854522320975
0.085373862453
0.0852955517609
0.0852173129558
0.0851391459716
0.0850610507423
0.0849830271432
0.084905075095
0.0848271945326
0.0847493853906
0.0846716476037
0.0845939811068
0.0845163858345
0.0844388617217
0.0843614087033
0.0842840267141
0.0842067156891
0.0841294755635
0.0840523062723
0.0839752077507
0.0838981801302
0.0838212235795
0.0837443376017
0.0836675221323
0.0835907504587
0.0835140430636
0.0834374061131
0.0833608395419
0.0832843432852
0.0832079172139
0.0831315612618
0.0830552753643
0.0829790594571
0.0829029134757
0.0828268373554
0.0827508310316
0.0826748944398
0.0825990275155
0.0825232301939
0.0824475024106
0.0823718441011
0.0822962552008
0.0822207356452
0.0821452853613
0.0820699042594
0.0819945922427
0.0819193492196
0.0818441457095
0.0817690103291
0.0816939437951
0.0816189460192
0.0815440169
0.0814691562911
0.0813943641054
0.0813196402563
0.081244984657
0.0811703972214
0.0810958778632
0.081021426502
0.0809470430613
0.080872727441
0.0807984755997
0.0807242797594
0.0806501365538
0.0805760480664
0.0805020155527
0.0804280389974
0.0803541183847
0.0802802536991
0.08020643879
0.0801326526537
0.0800589225227
0.0799852483799
0.0799116302085
0.0798380679656
0.0797645615865
0.0796911110545
0.079617716353
0.0795443774652
0.0794711733563
0.0793981828998
0.0793252594574
0.0792524029677
0.0791796133694
0.0791068906014
0.0790342346023
0.0789616453112
0.0788891226668
0.0788166666083
0.0787442751609
0.0786719498622
0.0785996909752
0.0785274863421
0.0784553254876
0.0783832309972
0.0783112028094
0.078239240863
0.0781673450567
0.0780955152988
0.0780237515286
0.0779520536857
0.0778804217119
0.0778088555494
0.0777373551377
0.0776659204162
0.0775945513246
0.0775232478021
0.0774520097882
0.0773808372224
0.077309730044
0.0772386881923
0.0771677116066
0.0770968002015
0.0770259538716
0.0769551725567
0.0768844371798
0.0768137520841
0.0767431319529
0.0766725767252
0.076602087355
0.0765316640581
0.0764613053989
0.076391011285
0.0763207816242
0.076250616326
0.0761805152997
0.076110478454
0.0760405056872
0.0759705968484
0.0759007518477
0.0758309588169
0.0757612080573
0.0756915209958
0.0756218975435
0.0755523376117
0.0754828411121
0.0754134079564
0.0753440333103
0.0752747061811
0.0752054265725
0.0751361944876
0.0750670099295
0.0749978736494
0.0749287852361
0.0748597442837
0.0747907457475
0.0747217654719
0.074652832791
0.0745839477054
0.0745151102168
0.0744463203266
0.0743775780351
0.0743088833417
0.074240236247
0.0741716367517
0.0741031786689
0.0740349888332
0.0739668617198
0.0738987972099
0.0738307952234
0.0737628557028
0.0736949466189
0.0736270978832
0.0735593115703
0.0734915876224
0.0734239233587
0.0733563207642
0.0732887803729
0.0732213021267
0.073153885619
0.0730865301837
0.0730192367192
0.0729520051656
0.0728848353773
0.0728177272145
0.0727506805846
0.0726836654126
0.0726167005564
0.0725497971132
0.0724829549915
0.0724161741001
0.0723494543481
0.0722827956451
0.0722161979009
0.0721496610257
0.0720831849336
0.072016769536
0.071950414669
0.0718841180071
0.071817881662
0.0717517047267
0.0716855445164
0.0716194034817
0.0715533050229
0.0714872491523
0.0714212358821
0.0713552652241
0.0712893371897
0.0712234517899
0.0711576090352
0.0710918089326
0.0710260514897
0.0709603367164
0.0708946663712
0.0708290389846
0.0707634541776
0.0706978925557
0.0706323320347
0.0705668307265
0.070501711842
0.07043665297
0.0703716540162
0.0703067148868
0.0702418354882
0.0701770157274
0.0701122554263
0.0700475544651
0.0699829127528
0.0699183283402
0.0698538018454
0.0697893343402
0.0697249196385
0.0696605134004
0.0695961660934
0.0695318776278
0.0694676479144
0.0694034768279
0.0693393641817
0.0692753089099
0.069211292504
0.0691473149826
0.0690833763601
0.0690194766553
0.0689555718293
0.0688916915759
0.0688278505104
0.0687640486492
0.0687002860085
0.0686365624774
0.0685728780534
0.068509232753
0.0684456265633
0.0683820594545
0.068318531397
0.0682550233113
0.0681915031564
0.0681280418828
0.0680649908029
0.0680019970032
0.0679390584541
0.0678761774409
0.0678133538686
0.0677505876427
0.0676878786691
0.0676252268537
0.0675626321028
0.0675000274243
0.0674374698499
0.0673749693342
0.0673125104169
0.0672500842748
0.0671876907571
0.0671253299011
0.0670630017436
0.0670007072266
0.0669384454831
0.0668762165321
0.0668139755965
0.0667517205179
0.0666894986617
0.06662731006
0.0665651547328
0.0665030325145
0.0664409433061
0.0663788870892
0.066316861956
0.0662548683285
0.0661932151275
0.066131779501
0.066070298822
0.0660088746224
0.0659475068008
0.0658861952561
0.0658249385791
0.0657637336873
0.065702584575
0.0656414906175
0.0655804493367
0.0655194635575
0.0654585267536
0.065397536889
0.0653365300008
0.0652755502036
0.065214597549
0.0651536720691
0.0650927737665
0.0650319026434
0.0649710587017
0.0649102421108
0.0648494525358
0.064788689922
0.0647279239917
0.0646670928078
0.0646062890401
0.0645455126907
0.0644847637617
0.0644240421481
0.0643634742246
0.0643033758896
0.0642432528025
0.0641831527747
0.0641231076499
0.0640631067939
0.0640031333616
0.0639431870925
0.0638832679502
0.0638233705383
0.0637633748302
0.0637034067162
0.0636434661965
0.0635835532716
0.063523671313
0.0634638168227
0.0634039895829
0.0633441274489
0.0632842132978
0.0632243267907
0.0631644630217
0.063104598959
0.0630447344548
0.0629850764853
0.0629257588251
0.0628663133314
0.0628068711554
0.0627474555357
0.0626880664677
0.0626287039354
0.0625693675534
0.0625100573332
0.0624507234275
0.0623912625676
0.0623318291393
0.0622724222781
0.0622130086662
0.0621535872598
0.0620942543692
0.0620353746286
0.0619763723815
0.0619172948777
0.0618582372109
0.061799199398
0.0617401814337
0.0616811832715
0.0616222048653
0.0615632393725
0.0615040560774
0.0614449007886
0.0613857654576
0.0613266218943
0.0612674611239
0.0612082051197
0.0611494300278
0.0610906936095
0.0610319764222
0.0609732757031
0.0609145911293
0.0608557623828
0.0607968472045
0.0607379486519
0.06067905253
0.0606201315801
0.0605611857525
0.0605019458179
0.0604426610976
0.0603833547636
0.0603240268853
0.0602652361846
0.06020655157
0.0601476032041
0.0600886705997
0.0600297527201
0.0599708027074
0.0599118193749
0.0598526096069
0.0597931583768
0.0597336751997
0.0596741597944
0.0596148904525
0.0595560935316
0.0594969287968
0.0594376828694
0.0593784434315
0.0593191794861
0.059259865734
0.059200451323
0.0591404951978
0.0590804872428
0.0590204311389
0.058960326336
0.0589010911248
0.0588416686113
0.0587819267708
0.0587221724247
0.058662364841
0.0586022098477
0.0585418198331
0.0584813762378
0.0584208786361
0.058359899062
0.0582987278499
0.0582380624238
0.058177825958
0.0581169551895
0.0580560316399
0.0579950672723
0.0579339074641
0.0578720989385
0.0578102000068
0.0577482105908
0.0576857771998
0.05762296376
0.0575608606111
0.0574986632988
0.0574363512875
0.0573728917776
0.0573093383965
0.0572456910132
0.0571825668401
0.057118942952
0.0570548451652
0.0569906346442
0.0569254757019
0.0568599068439
0.0567946261226
0.056729717168
0.0566636496433
0.0565971876882
0.056530334454
0.0564623982337
0.0563945130424
0.0563264580847
0.0562576966682
0.0561888437948
0.0561186313345
0.0560476637665
0.0559759961261
0.05590328077
0.055828675757
0.0557512599911
0.0556690186826
0.055579498815
0.0554813586312
0.0553708726615
0.0552475780477
0.0551104347822
0.0549677003441
0.0548238875105
0.0546903483508
0.0545788396153
0.0544920261546
0.0544342772012
0.0543991181379
0.0543805428605
0.0543629869604
0.0543426271095
0.0543111482306
0.0542644827239
0.0542041901511
0.0541322441641
0.0540513676553
0.0539645703825
0.0538725666191
0.0537760036165
0.0536769029362
0.0535762022538
0.0534715231342
0.0533643317861
0.053256491583
0.0531437784005
0.0530292142639
0.0529121991192
0.0527910202488
0.0526670464115
0.0525406510684
0.0524113879157
0.0522771060551
0.0521406360952
0.0520019712364
0.0518585079544
0.0517120197321
0.0515646325913
0.051415885651
0.051264016703
0.0511114563409
0.0509618898591
0.0508159667791
0.0506786475678
0.0505462037478
0.0504317949046
0.0503405241921
0.0502860736737
0.0502816049287
0.0503423527973
0.0504731554914
0.0506611246905
0.0508680979718
0.0510669193199
0.0512172805592
0.0512843212586
0.0512275925565
0.0510083521147
0.0505973165506
0.0499546012827
0.0490336126501
0.04778225191
0.0460950094299
0.0438759284762
0.040984133418
0.0372287142988
0.0325080672958
0.0268983718926
0.0208792505686
0.015279185147
0.0106942063535
0.00735543573108
0.00509089953646
0.00362207413376
0.00268944683172
0.00210767743289
0.00174879206093
0.00154721274907
0.00146073753483
0.00147347167936
0.00158701221079
0.00182348220107
0.0022216696858
0.00286478668889
0.00386529023366
0.00538761692039
0.00761875855107
0.0106784857131
0.0144385259181
0.0185550212739
0.0225536958873
0.0261020549305
0.0290699676009
0.0315476065489
0.0336121306473
0.0353795920455
0.0369084367064
0.0382336523424
0.0394145781568
0.040444353549
0.0413643407713
0.0421879961868
0.0429167833908
0.0435713051448
0.044155397386
0.0446838497783
0.0451566952816
0.0455851908049
0.0459752569329
0.0463229215098
0.0466409720029
0.0469340138297
0.0471932466423
0.0474327920495
0.0476524216208
0.0478449938247
0.0480285142352
0.0481869685133
0.048339601561
0.0484733303224
0.0485976039173
0.048710546685
0.0488127493116
0.0489027092016
0.0489872727158
0.0490657026141
0.0491336723901
0.0491959981553
0.0492548794846
0.0493019890707
0.0493479887314
0.0493880243209
0.0494219816194
0.0494556876765
0.0494795456853
0.0495022442488
0.0495236156855
0.0495412521317
0.0495530574423
0.0495637392906
0.0495743225355
0.0495780334861
0.0495801751178
0.0495820293051
0.0495823237091
0.0495774700058
0.0495719017166
0.0495657527447
0.0495593780591
0.0495472362385
0.0495357923668
0.0495242001207
0.0495099283912
0.0494927614247
0.0494754046151
0.0494574606479
0.0494395736723
0.0494224489935
0.049400673511
0.049377719658
0.049355277739
0.0493318322597
0.049308855212
0.0492862228869
0.049259003692
0.0492321294783
0.0492052455032
0.0491780355941
0.0491512459327
0.0491232148857
0.0490926844651
0.0490623873013
0.0490318370477
0.0490012307862
0.0489709256669
0.0489404246546
0.0489101201279
0.0488780588014
0.048844551725
0.0488112051409
0.0487781368059
0.0487446056127
0.0487113424032
0.0486782885417
0.0486446811561
0.048609218919
0.0485737875528
0.0485381882842
0.0485028056795
0.048467626909
0.0484324182891
0.0483971344421
0.0483608880221
0.0483237150599
0.0482863769726
0.0482490694645
0.0482119682486
0.0481750298156
0.0481378856698
0.0481009479895
0.0480641844376
0.048027473661
0.0479907067651
0.0479522907174
0.0479139803273
0.0478755099742
0.0478370533551
0.0477987482188
0.0477605985071
0.0477223449769
0.0476842836387
0.0476460044342
0.0476066584464
0.0475671642717
0.0475276869935
0.0474883217567
0.0474490595043
0.0474097378326
0.0473704003017
0.0473311593551
0.047292023279
0.0472527595764
0.0472136172033
0.0471746583446
0.0471358842983
0.0470959965191
0.0470556693505
0.0470154482005
0.0469752399715
0.0469348538493
0.0468944286013
0.0468536231574
0.0468122346541
0.0467701404291
0.0467272398294
0.0466836063753
0.0466399036563
0.0465963221764
0.0465541021451
0.0465139055875
0.0464751354837
0.0464376542726
0.046401222303
0.0463651194907
0.0463287473747
0.0462915917031
0.0462536120446
0.0462148107922
0.0461756252333
0.0461360164687
0.0460961950089
0.0460564480306
0.046016597213
0.0459767941561
0.0459371084153
0.0458973968218
0.0458570280862
0.0458165794342
0.0457762045589
0.045735903366
0.0456956757631
0.0456555228371
0.0456154441542
0.045575364564
0.0455352983474
0.0454953049657
0.0454553830387
0.0454155327427
0.0453756954144
0.0453358771446
0.0452961197951
0.0452557003329
0.0452153133385
0.0451749687424
0.0451346924359
0.0450944254756
0.0450541870892
0.0450140169318
0.0449739155146
0.0449338825994
0.044893917382
0.044853926847
0.044813991796
0.044774124619
0.0447343288662
0.0446946017108
0.0446549419363
0.0446153494532
0.0445757939327
0.0445362360765
0.0444967421254
0.0444571227216
0.0444171249081
0.0443771636851
0.0443372389869
0.044297350872
0.0442574618734
0.0442176067856
0.044177809576
0.0441380744499
0.04409840127
0.0440587897327
0.0440192396931
0.0439797435946
0.043940240227
0.0439007981631
0.0438614173734
0.0438220977406
0.0437828391336
0.0437436414217
0.0437045044739
0.043665392206
0.0436263040344
0.0435872877883
0.0435480906041
0.0435086685243
0.0434692821021
0.043429931338
0.0433906162184
0.0433512714614
0.0433119582908
0.0432726827328
0.0432334429006
0.0431942387938
0.0431550704283
0.0431159378354
0.0430768410418
0.0430377798762
0.0429987539204
0.0429597115836
0.0429207165908
0.0428817747319
0.0428428856175
0.0428040482508
0.0427652610797
0.0427265219517
0.0426878253298
0.0426491196406
0.0426104538985
0.0425718264518
0.0425332420421
0.0424947058275
0.042456224415
0.0424178041204
0.0423794432891
0.0423410615699
0.0423027450629
0.0422644008717
0.0422258459313
0.0421871517198
0.042148374186
0.0421092627684
0.0420695858836
0.0420290913655
0.0419874444239
0.0419446851992
0.0419010751364
0.0418574549628
0.0418150572272
0.0417748541862
0.0417374660256
0.0417027929542
0.0416697818236
0.0416373345304
0.041604532972
0.0415705566219
0.0415354514563
0.041499238284
0.0414623564363
0.0414250362008
0.0413874919735
0.041349833169
0.041312197422
0.041274488158
0.041236813117
0.0411991720712
0.0411615638732
0.041123989815
0.0410864050492
0.041048847112
0.0410113234307
0.0409738339746
0.0409363786312
0.0408989573538
0.0408615701693
0.0408242130894
0.0407868662314
0.0407495534293
0.0407122746525
0.0406750127955
0.0406377717294
0.0406005647126
0.0405633917141
0.0405262526617
0.0404891474647
0.0404520760927
0.0404150384107
0.0403780343339
0.0403410639916
0.0403041273533
0.0402671880918
0.0402302751797
0.0401933960542
0.0401565506839
0.0401197390372
0.0400829609822
0.0400462164579
0.0400095054045
0.0399728264181
0.0399361807547
0.0398995683946
0.0398629707925
0.0398263792495
0.0397898209237
0.0397532957577
0.0397168036946
0.0396803446778
0.0396439186512
0.0396075255587
0.0395711666894
0.0395348417088
0.039498549487
0.0394622899693
0.0394260166802
0.0393897620999
0.0393535265657
0.0393173100999
0.0392811146241
0.0392449382917
0.0392087810846
0.0391726259171
0.03913646579
0.0391003249248
0.0390642033412
0.0390281010585
0.038992018095
0.0389559544362
0.0389199100611
0.0388838849488
0.0388478790163
0.0388118922265
0.0387759828883
0.0387402684814
0.0387045859312
0.0386689357843
0.0386333179746
0.0385977324284
0.0385621790057
0.0385266576403
0.0384911532285
0.0384556567281
0.0384201922403
0.0383847597023
0.0383493588422
0.0383139734731
0.0382786003827
0.0382432396139
0.0382078602125
0.0381724845723
0.0381371214835
0.0381017709469
0.0380664329636
0.0380311074288
0.0379957943413
0.0379604895757
0.0379251595286
0.0378898408256
0.0378545347358
0.0378192412608
0.0377839603688
0.037748691978
0.0377134360913
0.037678472825
0.037643593673
0.0376087459972
0.0375739296971
0.0375391439545
0.0375043693109
0.0374696054495
0.0374348523143
0.0374000543317
0.0373652656099
0.0373304878388
0.0372957210245
0.0372609651491
0.0372262200948
0.0371914858692
0.0371567446807
0.0371219694436
0.0370872052527
0.0370524520732
0.0370177098709
0.0369829608537
0.0369482012073
0.0369134428011
0.0368790162916
0.0368445775515
0.0368101483622
0.0367757286177
0.0367413188778
0.0367069187872
0.0366725280946
0.0366381335811
0.0366036788462
0.0365692335495
0.0365347976614
0.0365003711531
0.0364659395433
0.0364314937878
0.0363970338952
0.0363628634987
0.0363287358923
0.036294615317
0.0362605017423
0.0362263951384
0.03619229534
0.0361581360457
0.0361239716084
0.0360898096185
0.036055629967
0.0360214326736
0.0359872025046
0.0359528798047
0.0359185398113
0.0358841825661
0.0358500924694
0.0358161792246
0.0357822263666
0.0357482218391
0.0357142230253
0.0356802070302
0.0356461672199
0.0356121034962
0.0355779297966
0.0355437016121
0.0355094500128
0.035475266986
0.0354414606047
0.0354076480207
0.0353737049165
0.0353397625582
0.0353058131694
0.0352718352826
0.0352378285443
0.0352037424572
0.0351695247258
0.0351352786452
0.035101004161
0.0350671562441
0.0350334084625
0.034999520098
0.0349655419405
0.0349315375655
0.0348975070565
0.0348634504576
0.0348293675697
0.0347950432482
0.0347606569221
0.0347262146414
0.0346919339435
0.0346579708408
0.0346239477518
0.034589723851
0.0345554732132
0.0345211763676
0.0344867410369
0.0344521439615
0.0344178912887
0.0343837209307
0.0343493846535
0.0343149380208
0.0342804576161
0.0342459108734
0.0342110965604
0.0341762825677
0.0341418955754
0.0341074678971
0.0340727383915
0.0340379415704
0.0340030808446
0.0339680854137
0.0339327902541
0.0338978099035
0.0338630551615
0.033828074152
0.0337928365368
0.0337575345541
0.0337221681942
0.0336864898179
0.0336505623164
0.0336151737203
0.0335797536598
0.0335438900927
0.0335078737627
0.0334717705909
0.033435718355
0.0333995918535
0.0333634103289
0.0333270727564
0.033290285373
0.0332534190233
0.0332166798098
0.0331798027082
0.0331428689448
0.0331055984054
0.033067936589
0.0330302184894
0.0329925384567
0.032954649083
0.0329167278542
0.0328781901433
0.0328394849525
0.0328012375477
0.0327621636216
0.0327230234147
0.0326838407865
0.0326438780978
0.0326042660025
0.0325644879815
0.0325238259696
0.0324832609408
0.0324426501625
0.0324016249297
0.0323603354708
0.0323186977306
0.0322766944514
0.0322344774742
0.0321918449144
0.0321492698347
0.0321057197305
0.0320626371713
0.0320192625051
0.031975889706
0.031931602891
0.031887605437
0.0318436320152
0.0317992109019
0.0317552334367
0.031711321884
0.031667457985
0.0316245478937
0.0315817371119
0.0315404313699
0.0315007064081
0.0314624171028
0.0314282657014
0.0313961598045
0.0313702803637
0.0313514017958
0.0313395165147
0.0313392902406
0.0313534408141
0.0313830249907
0.0314335989989
0.0315093596986
0.031615781891
0.0317581732344
0.031945167055
0.0321845261813
0.0324862047612
0.0328616782032
0.0333223747373
0.0338851518556
0.0345632758982
0.035356532464
0.0362390498516
0.0371572396976
0.0380440519371
0.038836572115
0.0394892269214
0.0399625977523
0.0402113930546
0.0402076545685
0.0398998625288
0.0392487312313
0.0381983796895
0.0366926753454
0.0346754007977
0.0320723653236
0.0287950085756
0.0247431624852
0.019971077169
0.014789084673
0.00997949406519
0.0062592326263
0.00382587917825
0.00238573154264
0.00158140394035
0.00114252863365
0.000911158176493
0.00080907718131
0.000802580908849
0.000888042478213
0.00109100777485
0.00146811747701
0.00213136560442
0.00323245234212
0.00490338813361
0.00711007018318
0.00956996518989
0.0119227746301
0.0139872348648
0.0157391241679
0.0172376952328
0.01853121278
0.0196671389547
0.0206640789061
0.0215439456579
0.022318960086
0.0230085870238
0.0236243138324
0.0241699531064
0.0246533526542
0.0250845861083
0.0254772167181
0.0258220709074
0.0261361285996
0.0264202165716
0.026675529874
0.0269064511709
0.0271143871427
0.0272966882133
0.0274683431735
0.0276249359921
0.0277620628361
0.0278905646167
0.0280074899494
0.0281104947894
0.0282070754077
0.0282940872661
0.0283699349242
0.0284432965078
0.0285066491132
0.028567672948
0.0286188534008
0.0286692454202
0.0287112352244
0.0287517358871
0.0287860603511
0.0288188550871
0.0288445220728
0.0288687921492
0.028893942104
0.0289127508564
0.0289307141173
0.0289433381668
0.0289544991251
0.0289668361126
0.0289749747409
0.02898040272
0.0289867681796
0.0289906482541
0.0289915273498
0.0289932009165
0.0289933817584
0.0289906317272
0.0289880309127
0.0289854860456
0.0289787549353
0.0289726377144
0.0289668297647
0.028960120214
0.028950466502
0.0289413019534
0.0289324590361
0.0289222580262
0.0289103176856
0.0288986423229
0.0288872649718
0.0288738433454
0.0288591901548
0.0288448136378
0.0288309577467
0.0288171259536
0.0288037155599
0.0287870256927
0.0287702087268
0.0287538178102
0.0287377621397
0.02872179497
0.0287051650134
0.0286867267072
0.0286684309535
0.0286504949275
0.0286327720936
0.0286152519842
0.0285962652469
0.0285766110392
0.0285571484908
0.0285380198114
0.0285190025235
0.0285001716315
0.0284792864034
0.0284583772929
0.0284376731773
0.0284171736131
0.0283967077706
0.0283765420692
0.0283566200083
0.0283358798317
0.0283141060157
0.0282924319876
0.0282708192683
0.028249395863
0.0282281978508
0.028207129478
0.0281862297179
0.0281640929772
0.0281418169682
0.0281195731195
0.0280974528049
0.0280754974483
0.0280537161578
0.0280319245759
0.0280099784802
0.027987071993
0.0279642906296
0.0279415696471
0.027919005211
0.0278965889456
0.0278742791803
0.0278520639222
0.027829125038
0.0278057433795
0.0277823826229
0.0277590750644
0.0277359054684
0.0277128723083
0.0276898978648
0.0276670348147
0.0276443076037
0.0276217287251
0.0275991837211
0.0275764779555
0.0275529075544
0.0275293891694
0.0275058867081
0.0274824828482
0.0274591993136
0.0274359851248
0.0274128643183
0.0273898639387
0.027366983692
0.0273440381904
0.0273203612895
0.0272966836276
0.027273075344
0.0272495333975
0.0272260528809
0.027202627182
0.0271792007466
0.0271558074294
0.0271324662991
0.0271092281792
0.0270860654145
0.0270624220269
0.0270385152541
0.0270146942752
0.0269909439103
0.0269672066413
0.0269435386027
0.0269199115248
0.026896254882
0.026872536171
0.0268484897905
0.0268237301995
0.0267977574436
0.0267701071473
0.0267410721094
0.0267119644108
0.026684776683
0.0266607537041
0.026640388312
0.0266225439484
0.0266050227189
0.0265863156709
0.0265658074796
0.0265439196013
0.0265211667484
0.0264980206166
0.0264747430205
0.0264514414556
0.0264281391778
0.0264048747147
0.0263816676014
0.0263585178992
0.0263354063309
0.0263123307195
0.0262887514467
0.0262650506719
0.0262414016585
0.0262177961003
0.0261942096667
0.0261706612142
0.0261471366369
0.0261236178334
0.0261000906051
0.0260765181461
0.0260529597672
0.0260294577814
0.0260060511359
0.0259827605672
0.025959553055
0.025936437605
0.0259134004901
0.0258903803031
0.0258674030128
0.0258440886986
0.0258202993665
0.025796131489
0.0257708676353
0.0257432801807
0.0257116911986
0.0256749184893
0.0256340375613
0.025593406554
0.0255594541278
0.0255370907423
0.0255260643272
0.025521202336
0.0255160720942
0.025506472227
0.0254916108209
0.0254727858335
0.0254517511789
0.0254297200302
0.0254073402048
0.0253848205897
0.0253622775091
0.0253397628683
0.0253171011595
0.0252941007032
0.0252711212282
0.0252481621827
0.0252252142976
0.0252022600324
0.0251793204512
0.0251563941277
0.0251334822051
0.025110580689
0.0250877084568
0.0250648849566
0.0250421116591
0.0250193872228
0.0249967089164
0.0249740691046
0.0249514518711
0.0249288759555
0.0249063408854
0.0248837958761
0.0248612126662
0.0248384888008
0.0248153696923
0.0247916473614
0.0247671974383
0.0247423264724
0.0247178142871
0.024694609405
0.0246729141938
0.0246525958531
0.0246327990848
0.024612664656
0.0245917627072
0.0245701757218
0.0245481575148
0.0245259229802
0.0245035993129
0.0244812841487
0.0244589573837
0.0244366656892
0.024414406852
0.0243921698675
0.0243699691325
0.024347804553
0.0243256760358
0.0243035834871
0.0242815268107
0.0242595058961
0.0242375197981
0.0242155585866
0.0241936327446
0.024171742098
0.024149886492
0.0241280658232
0.0241062800143
0.0240845290595
0.0240628129635
0.0240408360644
0.0240188547751
0.0239968934614
0.0239749521523
0.0239530308048
0.0239311293453
0.0239092474334
0.0238873841994
0.0238655348162
0.0238436878307
0.0238218453282
0.0237999991256
0.0237781454414
0.0237562900606
0.0237344491345
0.0237126308712
0.023690858117
0.0236691342354
0.0236474528871
0.0236258043348
0.0236041600101
0.0235825504417
0.0235609525297
0.0235393562127
0.0235176747266
0.0234957354209
0.0234731001599
0.023448994162
0.0234224635612
0.0233932573874
0.0233627940515
0.023334192966
0.0233108614153
0.0232938418109
0.0232812007079
0.0232692839502
0.0232553665433
0.0232386654674
0.0232197645951
0.0231994201493
0.0231785426368
0.0231574710368
0.0231363372627
0.0231151929916
0.0230940532943
0.0230729301546
0.0230518101566
0.0230307094363
0.0230096279768
0.0229885657489
0.0229675130485
0.0229464750116
0.0229254562134
0.022904456637
0.022883476271
0.0228625151071
0.0228415731369
0.0228206483462
0.0227997376186
0.0227788463923
0.0227579744234
0.0227371216124
0.0227162879503
0.0226954734284
0.0226746780408
0.0226539017786
0.0226331446324
0.0226124024861
0.0225916764564
0.022570969547
0.0225502817481
0.0225296130499
0.0225089653751
0.0224883397101
0.0224677360234
0.0224471542841
0.022426594461
0.0224060565233
0.022385538912
0.0223650367054
0.0223445563285
0.0223240977507
0.0223036621253
0.0222832482645
0.0222628560898
0.022242485571
0.022222136678
0.0222018093808
0.0221815036494
0.022161219454
0.022140913125
0.0221206040154
0.022100313506
0.0220800415799
0.0220597882216
0.0220395534152
0.0220193371439
0.0219991394838
0.0219789603536
0.0219587997071
0.0219386575276
0.0219185318323
0.0218984209902
0.0218783285683
0.0218582545499
0.0218381989181
0.021818161656
0.0217981427466
0.0217781421729
0.0217581549681
0.021738184659
0.0217182326565
0.0216982994423
0.0216783848971
0.0216584885958
0.0216386105172
0.021618750644
0.0215989089588
0.0215790854441
0.0215592800824
0.021539492441
0.0215197157408
0.0214999571509
0.021480216629
0.0214604941332
0.0214407896221
0.0214211030512
0.0214014335888
0.021381780505
0.021362145243
0.021342527755
0.0213229280011
0.0213033435483
0.0212837754226
0.0212642249303
0.0212446920327
0.0212251766914
0.0212056788503
0.0211861984684
0.0211667410274
0.021147286777
0.0211278408979
0.021108403414
0.0210889743465
0.0210695525688
0.0210501391862
0.0210307342768
0.0210113355988
0.0209919425009
0.0209725579657
0.0209531820977
0.0209338148994
0.0209144563095
0.0208951063439
0.0208757650232
0.0208564256665
0.020837093884
0.0208177707788
0.0207985017139
0.0207793800701
0.0207602757425
0.0207411876754
0.0207221103533
0.0207030499049
0.0206840065696
0.0206649802767
0.020645970943
0.0206269785019
0.0206080029093
0.0205890441341
0.0205700956226
0.0205511619576
0.0205322450193
0.0205133461429
0.0204944527257
0.0204755619975
0.020456673984
0.0204377803471
0.0204188858705
0.0203999937851
0.0203811030352
0.0203622104483
0.0203433153262
0.0203244152734
0.0203055051138
0.0202865911644
0.0202676819654
0.020248782599
0.0202298944876
0.0202110120139
0.0201921283287
0.0201732471157
0.0201546034393
0.0201360108134
0.0201174274264
0.0200988603852
0.0200802434733
0.0200615086912
0.020042476543
0.0200227774879
0.0200020605747
0.0199803700809
0.0199586249308
0.0199382842048
0.0199204112036
0.0199045892648
0.0198893598491
0.0198735081617
0.019856537691
0.0198387057458
0.019820400376
0.0198018919574
0.0197833358276
0.01976474174
0.0197462857874
0.0197279836101
0.0197096774359
0.0196913672577
0.0196730479864
0.0196547089358
0.0196363656673
0.0196180181357
0.01959966641
0.0195812978334
0.0195629163378
0.0195445141835
0.0195260859766
0.019507631749
0.0194891310991
0.0194706036518
0.0194520500245
0.0194335210047
0.0194152851937
0.0193970423857
0.0193787924766
0.0193605259982
0.0193422271659
0.0193238962007
0.0193055327745
0.0192871217776
0.0192686652025
0.0192501768652
0.0192316574208
0.0192134079218
0.0191952220771
0.0191769985437
0.0191587371307
0.0191404020715
0.0191220262146
0.0191036105488
0.0190851513513
0.0190666154387
0.0190480102772
0.0190293256298
0.0190107063754
0.0189923670663
0.0189739596852
0.0189554855933
0.0189369357364
0.0189182810175
0.0188995285713
0.0188806982189
0.0188621230421
0.01884358688
0.0188249655533
0.0188061988645
0.0187873369284
0.0187683892402
0.0187492330642
0.0187300182334
0.0187112042107
0.0186922161752
0.0186731242701
0.0186538529574
0.0186343753845
0.0186147235851
0.0185954334984
0.0185759403185
0.0185561648804
0.0185361391892
0.0185159684898
0.0184959977113
0.0184757386517
0.018455305303
0.0184345709544
0.0184136503058
0.0183931942971
0.018372476908
0.0183513436761
0.0183297190439
0.0183077275939
0.0182859869391
0.0182634101961
0.0182393060914
0.0182122789758
0.0181770540027
0.0181270169607
0.0180595124551
0.0179862198785
0.0179289790963
0.0179078731716
0.0179215709421
0.0179474347811
0.0179638124521
0.0179631530412
0.0179480765931
0.0179253554899
0.017899804267
0.017872438465
0.0178449500074
0.0178168418872
0.0177900228956
0.0177644641703
0.0177434204509
0.0177302077612
0.0177333059006
0.0177721086191
0.0178895041933
0.0181471483774
0.0185574567512
0.0190676368868
0.0196214671
0.0201878993601
0.020749830766
0.0212965616449
0.0218183854545
0.022302212635
0.0227274388194
0.0230607637917
0.0232651217331
0.0233164400102
0.0231921394114
0.0228334434398
0.022082732358
0.0205598833549
0.0174868325785
0.0124397711471
0.00717828528985
0.00377106609221
0.00210080740733
0.0013655869053
0.00107953248658
0.00105390207066
0.0012668490415
0.00183739534289
0.00306174840366
0.0052993618086
0.0083230240874
0.0110129345882
0.0127560118121
0.0138092479592
0.0145023445045
0.01500128202
0.0153753585028
0.0156659649083
0.0158960854736
0.0160783430216
0.0162264275799
0.0163493272393
0.0164493523871
0.0165325781304
0.0166014412711
0.0166578537019
0.0167042374183
0.0167419469483
0.016774954953
0.0168031098499
0.0168268858784
0.0168489681126
0.0168641196774
0.0168780809675
0.016886873229
0.0168956559928
0.0169001159799
0.0169042540903
0.0169055593515
0.0169061293959
0.0169044345314
0.0169029812963
0.016899532792
0.0168954338857
0.0168911775042
0.016885002977
0.0168790140017
0.0168716531662
0.0168635587923
0.0168556607541
0.0168479848908
0.0168386445002
0.0168290185424
0.016819583501
0.0168103150978
0.016799172515
0.0167881360199
0.0167772874717
0.0167665814698
0.016756029216
0.0167439390371
0.0167319168175
0.0167200167979
0.016708249693
0.0166965933911
0.0166840171867
0.0166715178254
0.016659137278
0.0166460843016
0.0166328873087
0.0166197140251
0.0166066795085
0.0165937534347
0.0165809201912
0.0165680455068
0.0165543446968
0.0165407426366
0.0165272032817
0.0165137154399
0.0165003237577
0.01648700383
0.016473257541
0.0164592956237
0.0164453851509
0.0164315401759
0.0164177112148
0.0164039419655
0.0163902487044
0.0163764236017
0.0163621460069
0.0163479343698
0.0163337654212
0.016319651803
0.0163056088869
0.0162916262519
0.0162776900795
0.0162638264436
0.0162498651929
0.0162354001549
0.0162207864139
0.0162056406246
0.0161891822652
0.016170560091
0.0161501589337
0.0161305478659
0.0161151547021
0.01610492934
0.0160972445605
0.0160887682243
0.0160779575751
0.0160648792499
0.0160509413819
0.0160367014683
0.0160224029163
0.0160081077199
0.0159938226572
0.0159795704641
0.0159653441198
0.015951136046
0.015936958459
0.0159228093794
0.0159086953285
0.0158946275098
0.0158805538652
0.0158661822556
0.015851824558
0.0158374934955
0.0158231895203
0.0158089079986
0.015794645496
0.0157804098429
0.0157662014343
0.0157520063703
0.0157378379892
0.0157236961979
0.0157095809258
0.015695493265
0.0156814198665
0.0156673728012
0.015653096166
0.0156388041689
0.0156245228941
0.0156102545028
0.0155959989808
0.0155817486104
0.0155675106523
0.0155532855209
0.0155390719241
0.0155248629801
0.0155106668038
0.0154964833126
0.0154823085902
0.0154681389678
0.0154539818246
0.015439837091
0.0154256997561
0.0154115707476
0.0153974539166
0.0153833491692
0.0153692495238
0.0153551571573
0.0153410763554
0.0153270075201
0.0153129466745
0.0152988877883
0.0152848395675
0.0152707983516
0.0152567532563
0.0152426957317
0.0152286285955
0.0152145519601
0.0152004523492
0.0151863438322
0.0151722212011
0.0151580727668
0.0151439140509
0.0151297369047
0.0151155087944
0.015101236592
0.0150868993697
0.0150725155667
0.01505807375
0.0150435443753
0.0150289160695
0.0150141776404
0.0149994803065
0.0149849798376
0.0149704035288
0.014955741016
0.0149409989799
0.0149261452029
0.0149110983075
0.0148958521882
0.0148803128643
0.014864431328
0.0148486393745
0.0148322770955
0.0148151296427
0.0147968996538
0.0147771830507
0.0147559475113
0.0147346028166
0.0147159736212
0.0147038743972
0.0146995394018
0.014703206284
0.0147124257456
0.0147242092359
0.014735533827
0.0147441181874
0.0147484182806
0.0147508759287
0.0147509273358
0.0147500037252
0.0147464585467
0.0147378077407
0.0147107933631
0.0146037163427
0.0141956947457
0.0130187505625
0.0108643911815
0.00852956605488
0.00698504532592
0.0065231862194
0.00713655242064
0.0087738440643
0.0110026678543
0.0128558148385
0.0138020952623
0.0141396946842
0.0142481152458
0.0142883943151
0.0143067449546
0.0143154093664
0.0143180523789
0.0143166630895
0.0143129515381
0.0143076364259
0.0143004908263
0.0142926087474
0.0142834049534
0.0142739576754
0.014263852742
0.0142528253909
0.0142417082284
0.0142305833797
0.0142195080403
0.0142076706614
0.0141956975558
0.0141836901524
0.0141715976874
0.0141593130346
0.0141468747578
0.0141344996612
0.0141220429831
0.0141097021525
0.0140971769742
0.0140830637508
0.0140642364293
0.0140358462505
0.0139964499586
0.0139563218922
0.0139339452471
0.013937418337
0.0139546863438
0.0139671869197
0.0139680932636
0.0139605811767
0.0139494383405
0.0139372116081
0.0139247243566
0.0139121660096
0.0138995952633
0.0138870235652
0.0138744480244
0.013861883363
0.0138493287012
0.0138367802847
0.0138242503591
0.0138117323705
0.0137992268524
0.013786736364
0.0137741759498
0.0137615685173
0.0137489671718
0.0137363744157
0.0137237930453
0.0137112141863
0.01369864835
0.0136860938562
0.0136735465222
0.0136610056922
0.0136484756141
0.0136359524556
0.0136234333442
0.0136109219299
0.0135984182677
0.0135859232973
0.0135734357045
0.0135609523353
0.0135484798684
0.0135360183098
0.0135235614353
0.0135111135494
0.0134986753769
0.0134862433292
0.0134738143452
0.0134613919919
0.0134489642083
0.013436485999
0.0134238525718
0.0134108686236
0.01339738072
0.0133835137889
0.0133696735713
0.0133562250091
0.0133432762408
0.0133306437298
0.0133181250141
0.013305622648
0.0132930850618
0.013280475733
0.0132677675482
0.0132548832027
0.0132416559273
0.0132273968471
0.01320899774
0.0131742771294
0.01309181032
0.0129216506215
0.0126803123776
0.0124873625335
0.0124764837036
0.0126483882707
0.0128682927031
0.0130156253989
0.0130744157833
0.0130846784256
0.013078605173
0.0130683967017
0.0130571910073
0.0130456241305
0.013033894243
0.0130220490243
0.0130101428026
0.0129981856306
0.0129861924987
0.012974175354
0.0129621379488
0.0129500779755
0.0129379931007
0.0129258798786
0.0129137451309
0.0129015850078
0.0128895834946
0.0128776174682
0.0128656294736
0.0128536209229
0.0128415733638
0.0128294889025
0.0128173955004
0.0128053154542
0.0127932373978
0.0127811604152
0.0127690662527
0.0127569476331
0.0127448096079
0.0127327360597
0.0127208257502
0.0127089013527
0.0126969479878
0.0126849382062
0.0126727363284
0.0126598508394
0.0126446854342
0.0126245312657
0.0125986816283
0.0125732990752
0.0125584970307
0.0125568134498
0.0125598363552
0.0125585591468
0.0125513872103
0.0125409230273
0.0125293155812
0.0125173903894
0.0125053535032
0.0124932447769
0.0124810911831
0.0124690658332
0.0124571209519
0.0124451235572
0.0124330609556
0.012420951929
0.0124087864289
0.0123965628624
0.0123845241682
0.0123724882677
0.0123603933665
0.0123482451473
0.0123360214563
0.0123237322831
0.0123115322705
0.012299441638
0.012287296219
0.0122750850081
0.0122627650764
0.0122503690081
0.0122379633185
0.0122257913304
0.0122135365555
0.0122011643325
0.012188702584
0.0121761095244
0.0121634301391
0.0121510068119
0.0121384602015
0.0121257964305
0.0121129723738
0.0121044422224
0.0120957618231
0.0120867992453
0.0120774926887
0.0120681059278
0.0120585840623
0.0120487410065
0.0120385007496
0.0120282336649
0.0120176587796
0.0120062794544
0.0119930181409
0.0119765515591
0.0119567861
0.0119379305396
0.0119257803157
0.0119208195515
0.0119165871455
0.0159470559461
0.0159265063683
0.0159045875866
0.0158829712417
0.0158618156839
0.0158410143414
0.0158212422352
0.0158019132434
0.015783337063
0.0157653365425
0.0157479105538
0.0157312458706
0.0157148581906
0.0156992760095
0.0156839300099
0.0156689326644
0.0156542035555
0.0156395461524
12.7314125805
