1.0
0.999099526662
0.998199883301
0.997301069154
0.996403083459
0.995505925454
0.994609594376
0.993714089466
0.992819409963
0.991915617447
0.991009876022
0.990104968714
0.989200894757
0.988297653382
0.987395243825
0.986493665318
0.985592917096
0.984692998396
0.983793908454
0.982895646505
0.981998211789
0.981101603544
0.980205821008
0.979310863422
0.978416730026
0.97752342006
0.976630932768
0.975739267392
0.974848423175
0.97395839936
0.973069195194
0.97218080992
0.971293242786
0.970406493037
0.969520559922
0.968635442688
0.967751140585
0.966867652862
0.965984978769
0.965103117557
0.964222068477
0.963341830783
0.962462403727
0.961583786562
0.960705978544
0.959828978927
0.958952786966
0.958077401919
0.957202823042
0.956329049594
0.955456080832
0.954583916016
0.953712554406
0.952841995262
0.951972218441
0.951103131512
0.950234844951
0.949367358022
0.948500669987
0.947634780111
0.94676968766
0.9459053919
0.945041891023
0.944179184387
0.943317272244
0.942456153863
0.941595828514
0.940736295466
0.939877553991
0.939019603358
0.938162323106
0.93730582562
0.936450116907
0.935595196241
0.934741062897
0.93388771615
0.933035155275
0.932183379549
0.93133238825
0.930482180655
0.929632756042
0.928784113691
0.927936252881
0.927089172894
0.926242873009
0.92539735251
0.924552610678
0.923708646796
0.922865460149
0.92202305002
0.921181415695
0.920340556459
0.9195004716
0.918661160403
0.917822622158
0.916984856151
0.916147861673
0.915311638012
0.91447618446
0.913641500307
0.912807584845
0.911974437366
0.911142057163
0.91031044353
0.909479595761
0.908649513151
0.907820194995
0.90699164059
0.906163849233
0.90533682022
0.904510552851
0.903685046424
0.902860300238
0.902036313594
0.901213085791
0.900390616133
0.89956890392
0.898747948456
0.897927749043
0.897108304986
0.896289615589
0.895471680157
0.894654497996
0.893838068414
0.893022390716
0.892207464211
0.891393288206
0.890579862013
0.889767184938
0.888955256295
0.888144075392
0.887333641542
0.886523954057
0.88571501225
0.884906815434
0.884099362924
0.883292654034
0.882486688079
0.881681464376
0.880876982242
0.880073240993
0.879270239948
0.878467978425
0.877666455743
0.876865671222
0.876065624182
0.875266313945
0.874467739832
0.873669901166
0.872872797269
0.872076427465
0.871280791078
0.870485887433
0.869691715856
0.868898275671
0.868105566207
0.86731358679
0.866522336748
0.86573181541
0.864942022105
0.864152956162
0.863364506597
0.862576736279
0.861789691456
0.86100337146
0.860217775624
0.85943290328
0.858648753764
0.857865318679
0.857082499335
0.856300400925
0.855519022783
0.854738364248
0.853958424657
0.853179203347
0.852400699658
0.851622912929
0.8508458425
0.850069487711
0.849293847903
0.848518922419
0.847744710601
0.846971211791
0.846198425333
0.845426350572
0.844654986852
0.843884333519
0.843114389918
0.842345155396
0.841576629301
0.840808810979
0.840041699781
0.839275295054
0.838509596148
0.837744602413
0.836980313201
0.836216727862
0.835453845748
0.834691666213
0.833930188609
0.83316941229
0.832409336611
0.831649960926
0.830891284591
0.830133306962
0.829376027396
0.82861944525
0.827863559882
0.827108370652
0.826353876917
0.825600078037
0.824846973373
0.824094562287
0.823342844138
0.822591818289
0.821841484104
0.821091840944
0.820342888175
0.81959462516
0.818847051264
0.818100165853
0.817353968293
0.816608457952
0.815863634195
0.815119496391
0.814376043909
0.813633276118
0.812891192387
0.812149792087
0.811409074588
0.810669039262
0.80992968548
0.809191012616
0.808453020043
0.807715707133
0.806979073262
0.806243117804
0.805507840135
0.804773239631
0.804039315669
0.803306067624
0.802573494876
0.801841596803
0.801110372783
0.800379822196
0.799649944422
0.798920738841
0.798192204835
0.797464341786
0.796737149075
0.796010626086
0.795284772202
0.794559586807
0.793835069286
0.793111219024
0.792388035406
0.791665517819
0.790943665649
0.790222478285
0.789501955114
0.788782095524
0.788062898905
0.787344364646
0.786626492138
0.785909280771
0.785192729937
0.784476839027
0.783761570465
0.783046844956
0.782332777686
0.781619368049
0.780906615439
0.780194519251
0.779483078882
0.778772293727
0.778062095396
0.777352509487
0.776643577081
0.775935297577
0.775227670373
0.77452069487
0.773814370466
0.773108696563
0.772403672562
0.771699297865
0.770995571873
0.77029249399
0.769590063618
0.768888280163
0.768187143027
0.767486651617
0.766786805337
0.766087603594
0.765389045795
0.764691131346
0.763993859656
0.763297230132
0.762601242183
0.76190589522
0.761211188651
0.760517121887
0.759823694339
0.759130905419
0.758438754538
0.75774724111
0.757056364547
0.756366124264
0.755676519674
0.754987550192
0.754299215233
0.753611514214
0.752924446551
0.75223801166
0.75155220896
0.750867037867
0.750182497801
0.749498588181
0.748815308427
0.748132657958
0.747450636195
0.746769242559
0.746088476473
0.745408337358
0.744728824637
0.744049937733
0.743371676071
0.742694039075
0.74201702617
0.741340636781
0.740664870334
0.739989726256
0.739315203973
0.738641302914
0.737968022507
0.737295362179
0.736623321361
0.735951899482
0.735281095971
0.734610910261
0.733941341781
0.733272389965
0.732604054244
0.731936334051
0.731269228819
0.730602737982
0.729936860975
0.729271597232
0.72860694619
0.727942907283
0.727279479949
0.726616663624
0.725954457746
0.725292861753
0.724631875083
0.723971497176
0.723311727471
0.722652565408
0.721994010428
0.721336061972
0.720678719482
0.720021982399
0.719365850166
0.718710322227
0.718055398026
0.717401077006
0.716747358612
0.716094242289
0.715441727484
0.714789813642
0.71413850021
0.713487786636
0.712837672367
0.712188156851
0.711539239538
0.710890870714
0.710243086432
0.709595898757
0.708949307138
0.708303311028
0.707657909877
0.707013103139
0.706368890267
0.705725270712
0.70508224393
0.704439809374
0.7037979665
0.703156714762
0.702516053617
0.701875982521
0.701236440616
0.700597445095
0.699959038085
0.699321219044
0.698683987432
0.698047342708
0.697411284331
0.696775811761
0.69614092446
0.695506621889
0.694872903508
0.694239768781
0.69360721717
0.692975248138
0.69234386115
0.691713055668
0.691082831159
0.690453187086
0.689824122916
0.689195638115
0.688567732149
0.687940404486
0.687313654593
0.686687481939
0.686061885991
0.68543686622
0.684812422094
0.684188553084
0.68356525866
0.682942538293
0.682320391455
0.681698817618
0.681077816255
0.680457386838
0.679837528841
0.679218241737
0.678599525002
0.67798137811
0.677363800537
0.676746791758
0.67613035125
0.67551447849
0.674899172955
0.674284434124
0.673670261473
0.673056654482
0.672443612631
0.671831135399
0.671219222266
0.670607872713
0.669997086221
0.669386862272
0.668777200349
0.668168099932
0.667559560507
0.666951581556
0.666344162563
0.665737303013
0.665131002391
0.664525260182
0.663920075873
0.663315448949
0.662711378897
0.662107865206
0.661504907363
0.660902504855
0.660300657173
0.659699363804
0.65909862424
0.658498437969
0.657898804484
0.657299723274
0.656701193831
0.656103215648
0.655505788217
0.654908911031
0.654312583583
0.653716805368
0.65312157588
0.652526894614
0.651932761064
0.651339174727
0.6507461351
0.650153641678
0.649561693959
0.648970291441
0.648379433621
0.647789119999
0.647199350074
0.646610123344
0.64602143931
0.645433261535
0.644845554869
0.644258389496
0.643671764916
0.643085680632
0.642500136147
0.641915130963
0.641330664585
0.640746736516
0.640163346261
0.639580493325
0.638998177212
0.63841639743
0.637835153484
0.63725444488
0.636674259366
0.6360945277
0.635515329981
0.634936665717
0.634358534418
0.633780935593
0.633203868751
0.632627333403
0.632051327701
0.631475851173
0.630900904674
0.630326487717
0.629752599815
0.62917924048
0.628606409226
0.628034105567
0.627462329016
0.626891079089
0.626320355302
0.625750157169
0.625180484206
0.624611335931
0.624042711861
0.623474611512
0.622907034402
0.622339980051
0.621773447976
0.621207437698
0.620641948735
0.620076980608
0.619512532837
0.618948604943
0.618385196448
0.617822306874
0.617259935743
0.616698082577
0.6161367469
0.615575928235
0.615015626107
0.614455840041
0.61389656956
0.61333781419
0.612779573458
0.612221846889
0.61166463401
0.611107934349
0.610551747433
0.609996072789
0.609440909946
0.608886258434
0.608332117781
0.607778487518
0.607225367173
0.606672756279
0.606120654366
0.605569060965
0.605017975608
0.604467397829
0.603917327158
0.60336776313
0.602818705279
0.602270153138
0.601722106242
0.601174564125
0.600627526323
0.600080992373
0.599534961809
0.598989434169
0.598444408989
0.597899885808
0.597355864162
0.596812343591
0.596269323633
0.595726803828
0.595184783714
0.594643262832
0.594102240723
0.593561716927
0.593021690985
0.592482162439
0.591943130832
0.591404595706
0.590866556604
0.590329013069
0.589791964645
0.589255410876
0.588719351308
0.588183785485
0.587648712952
0.587114133256
0.586580045942
0.586046450559
0.585513285544
0.584980603849
0.584448412787
0.583916711906
0.583385500755
0.582854778883
0.58232454584
0.581794801175
0.581265544439
0.580736775184
0.580208492959
0.579680697318
0.579153387812
0.578626563993
0.578100225414
0.57757437163
0.577049002193
0.576524116657
0.575999714578
0.57547579551
0.574952359009
0.57442940463
0.57390692862
0.573384863498
0.572863279232
0.57234217538
0.5718215515
0.57130140715
0.570781741889
0.570262555276
0.569743846658
0.56922561557
0.56870786181
0.568190584937
0.567673784514
0.567157460101
0.56664161126
0.566126237555
0.565611338546
0.565096913797
0.564582962873
0.564069485336
0.56355648075
0.563043948681
0.562531888694
0.562020300271
0.561509182827
0.560998536163
0.560488359845
0.559978653439
0.559469416514
0.558960648638
0.558452349378
0.557944518303
0.557437154982
0.556930258985
0.556423829882
0.555917867242
0.555412370636
0.554907339636
0.554402773813
0.553898672738
0.553395035984
0.552891863123
0.552389153729
0.551886907375
0.551385123634
0.550883802081
0.55038294229
0.549882543836
0.549382606295
0.548883129242
0.548384112253
0.547885554906
0.547387456776
0.546889817442
0.54639263648
0.545895913469
0.545399647988
0.544903839615
0.544408487929
0.543913592511
0.543419152939
0.542925168795
0.54243163966
0.541938565114
0.541445944739
0.540953778116
0.54046206483
0.539970804461
0.539479996593
0.53898964081
0.538499736696
0.538010283834
0.53752128181
0.537032723952
0.536544548781
0.536056823268
0.535569546999
0.535082719561
0.534596340539
0.534110409523
0.533624926098
0.533139889854
0.532655300378
0.532171157259
0.531687436241
0.53120412897
0.530721266874
0.530238849543
0.529756876566
0.529275347536
0.528794262044
0.528313619681
0.527833420039
0.527353662711
0.52687434729
0.526395473369
0.525917040542
0.525439048403
0.524961496545
0.524484384564
0.524007712056
0.523531478614
0.523055683836
0.522580327317
0.522105408654
0.521630927443
0.521156883284
0.520683275772
0.520210104507
0.519737369085
0.519265069108
0.518793204173
0.51832177388
0.517850777829
0.51738021562
0.516910086855
0.516440391134
0.515971128058
0.515502297229
0.51503389825
0.514565930722
0.514098394249
0.513629442367
0.513157963715
0.512686919207
0.512216308443
0.511746131022
0.511276386546
0.510807074617
0.510338194836
0.509869746805
0.509401730127
0.508934144404
0.50846698924
0.508000264238
0.507533969002
0.507068103136
0.506602666246
0.506137657935
0.50567307781
0.505208925477
0.50474520054
0.504281902607
0.503819031285
0.503356586181
0.502894566901
0.502432973055
0.501971804251
0.501511060096
0.501050740201
0.500590844174
0.500131371625
0.499672322165
0.499213695403
0.498755490951
0.498297708419
0.497840347419
0.497383407564
0.496926888464
0.496470789733
0.496015110984
0.49555985183
0.495105011885
0.494650590762
0.494196588077
0.493743003443
0.493289836476
0.492837086791
0.492384754004
0.491932837731
0.491481337589
0.491030253194
0.490579584164
0.490129330116
0.489679490668
0.489230065438
0.488781054045
0.488332400621
0.487884133304
0.487436278755
0.486988836597
0.486541806448
0.486095187931
0.485648980664
0.485203184271
0.484757798372
0.48431282259
0.483868256547
0.483424099866
0.482980352169
0.482537013081
0.482094050521
0.481651495173
0.481209347334
0.480767606631
0.480326272687
0.479885345129
0.479444823582
0.479004707672
0.478564997026
0.47812569127
0.477686790033
0.47724829294
0.476810199621
0.476372509704
0.475935222816
0.475498338587
0.475061856647
0.474625776624
0.474190098148
0.473754820851
0.473319944362
0.472885468313
0.472451392334
0.472017716058
0.471584439116
0.47115156114
0.470719081764
0.47028700062
0.469855317342
0.469424031563
0.468993142917
0.468562651039
0.468132555563
0.467702856124
0.467273552357
0.466844643899
0.466416130385
0.465988011452
0.465560286736
0.465132955874
0.464706018504
0.464279474263
0.46385332279
0.463427563722
0.463002196699
0.462577221263
0.462152636976
0.461728443651
0.46130464093
0.460881228451
0.460458205856
0.460035572785
0.459613328881
0.459191473784
0.458770007137
0.458348928581
0.457928237761
0.457507934318
0.457088017896
0.456668488139
0.45624934469
0.455830587194
0.455412215296
0.45499422864
0.454576626871
0.454159409636
0.45374257658
0.45332612735
0.452910061592
0.452494378953
0.45207907908
0.451664161621
0.451249626223
0.450835472536
0.450421700206
0.450008308884
0.449595298219
0.449182633596
0.448770302915
0.448358351913
0.44794678024
0.447535587547
0.447124773485
0.446714337706
0.446304279861
0.445894599601
0.445485296581
0.445076370451
0.444667820865
0.444259647477
0.44385184994
0.443444427907
0.443037381034
0.442630708974
0.442224411383
0.441818487916
0.441412938228
0.441007761975
0.440602958813
0.440198528399
0.43979447039
0.439390784442
0.438987470214
0.438584527362
0.438181955544
0.43777975442
0.437377900772
0.436976396193
0.436575261325
0.436174495825
0.435774099356
0.435374071576
0.434974412146
0.434575120727
0.43417619698
0.433777640567
0.433379451149
0.432981628389
0.432584171948
0.432187081491
0.431790356678
0.431393997175
0.430998002644
0.430602372749
0.430207107155
0.429812205527
0.429417667528
0.429023492825
0.428629681083
0.428236231967
0.427843145144
0.42745042028
0.427058057042
0.426666055097
0.426274414112
0.425883133755
0.425492213693
0.425101653596
0.424711453131
0.424321611967
0.423932129774
0.423543006221
0.423154240978
0.422765833715
0.422377784102
0.42199009181
0.42160275651
0.421215777874
0.420829155572
0.420442889277
0.42005697866
0.419671423396
0.419286223155
0.418901377612
0.418516886439
0.418132749311
0.417748965902
0.417365535885
0.416982458935
0.416599737501
0.416217376045
0.415835282581
0.415453521303
0.415072111556
0.414691053014
0.414310345355
0.413929988256
0.413549981394
0.413170324446
0.41279101709
0.412412059004
0.412033449867
0.411655189357
0.411277277154
0.410899712936
0.410522496384
0.410145627176
0.409769104994
0.409392929517
0.409017100427
0.408641617405
0.408266480131
0.407891688288
0.407517241558
0.407143139622
0.406769382163
0.406395968864
0.406022899409
0.40565017348
0.405277790761
0.404905750936
0.40453405369
0.404162698707
0.403791685672
0.403421014269
0.403050684186
0.402680695106
0.402311046717
0.401941738704
0.401572770754
0.401204142554
0.400835853791
0.400467904153
0.400100293327
0.399733021002
0.399366086865
0.398999490605
0.398633231912
0.398267310474
0.39790172598
0.397536478122
0.397171566587
0.396806986669
0.396442681066
0.39607871092
0.395715075921
0.395351775761
0.394988810131
0.394626178724
0.394263881231
0.393901917346
0.393540286761
0.393178989169
0.392818024263
0.392457391738
0.392097091286
0.391737122604
0.391377485384
0.391018179321
0.390659204112
0.390300559451
0.389942245033
0.389584260555
0.389226605713
0.388869280204
0.388512283723
0.388155615969
0.387799276638
0.387443265428
0.387087582038
0.386732226164
0.386377197506
0.386022495762
0.385668120631
0.385314071813
0.384960349007
0.384606951913
0.38425388023
0.38390113366
0.383548711903
0.38319661466
0.382844841632
0.38249339252
0.382142267027
0.381791464854
0.381440985703
0.381090829278
0.380740995281
0.380391483414
0.380042293383
0.379693331629
0.379344684639
0.378996358685
0.378648353473
0.378300668707
0.377953304092
0.377606259333
0.377259534136
0.376913128207
0.376567041251
0.376221272975
0.375875823085
0.375530691289
0.375185877329
0.374841380993
0.374497201871
0.374153339673
0.373809794106
0.373466564879
0.3731236517
0.372781054279
0.372438772324
0.372096805546
0.371755153654
0.371413816358
0.371072793369
0.370732084396
0.370391689152
0.370051607346
0.369711838691
0.369372382898
0.369033239679
0.368694408747
0.368355889813
0.36801768259
0.367679786792
0.367342202131
0.367004928321
0.366667965076
0.366331312111
0.365994969138
0.365658935873
0.365323212031
0.364987797327
0.364652691475
0.364317894193
0.363983405194
0.363649224197
0.363315350917
0.36298178507
0.362648526374
0.362315574546
0.361982929303
0.361650590363
0.361318557445
0.360986830265
0.360655408543
0.360324291998
0.359993480347
0.35966296097
0.359332738228
0.359002819559
0.358673204681
0.358343893316
0.358014885184
0.357686180006
0.357357777503
0.357029677396
0.356701831072
0.35637424304
0.356046956653
0.355719971634
0.355393287705
0.355066904589
0.354740822009
0.354415039688
0.354089557349
0.353764374717
0.353439491515
0.353114907468
0.3527906223
0.352466635736
0.352142947502
0.351819557322
0.351496464921
0.351173670027
0.350851172364
0.35052897166
0.35020706764
0.349885460032
0.349564148563
0.349243132959
0.348922412949
0.348601988261
0.348281858621
0.34796202376
0.347642483405
0.347323237285
0.347004285129
0.346685626666
0.346367261627
0.346049189741
0.345731410738
0.345413924348
0.345096730302
0.34477982833
0.344463218165
0.344146899536
0.343830872176
0.343515135817
0.34319969019
0.342884535028
0.3425696702
0.342255095543
0.34194081055
0.341626814952
0.341313108484
0.34099969088
0.340686561872
0.340373721197
0.340061168588
0.33974890378
0.339436926507
0.339125236506
0.338813833512
0.33850271726
0.338191887512
0.337881344116
0.337571086671
0.337261046232
0.336951261208
0.336641761435
0.336332546652
0.336023616595
0.335714971003
0.335406609613
0.335098532164
0.334790738394
0.334483228043
0.334176000849
0.333869056551
0.333562394889
0.333256015603
0.332949918432
0.332644103118
0.3323385694
0.332033317019
0.331728345717
0.331423655233
0.33111924531
0.33081511569
0.330511266114
0.330207696324
0.329904406064
0.329601395074
0.329298663099
0.328996209881
0.328694035164
0.328392138691
0.328090520206
0.327789179453
0.327488116177
0.327187330121
0.326886821031
0.326586588652
0.326286628207
0.325986920694
0.325687489154
0.325388333331
0.325089452973
0.324790847826
0.324492517635
0.324194462149
0.323896681114
0.323599174277
0.323301941386
0.323004982189
0.322708296433
0.322411883867
0.322115744239
0.321819877299
0.321524282794
0.321228912276
0.320933752315
0.320638864137
0.320344247493
0.320049902133
0.319755827807
0.319462024266
0.319168491259
0.318875228538
0.318582235854
0.318289512959
0.317997059603
0.31770487554
0.31741296052
0.317121314296
0.316829936621
0.316538827247
0.316247985928
0.315957412415
0.315667106464
0.315377067827
0.315087296259
0.314797791513
0.314508553344
0.314219581506
0.313930875754
0.313642435843
0.313354261528
0.313066352566
0.31277870871
0.312491329718
0.312204215345
0.311917365348
0.311630779483
0.311344457507
0.311058399178
0.310772604357
0.310487072706
0.310201803975
0.309916797919
0.309632054298
0.309347572869
0.309063353392
0.308779395625
0.308495699328
0.308212264258
0.307929090177
0.307646176843
0.307363524016
0.307081131458
0.306798998927
0.306517126184
0.306235512991
0.305954129015
0.305672909706
0.305391949344
0.30511124769
0.304830804506
0.304550619554
0.304270692597
0.303991023396
0.303711611715
0.303432457316
0.303153559962
0.302874919417
0.302596535445
0.302318407808
0.302040536271
0.301762920599
0.301485560555
0.301208455904
0.300931606411
0.300655011841
0.300378671959
0.300102586531
0.299826755323
0.2995511781
0.299275854629
0.299000784676
0.298725968007
0.298451404389
0.29817709359
0.297903035376
0.297629229515
0.297355675774
0.297082373922
0.296809323726
0.296536524955
0.296263977377
0.295991680761
0.295719610478
0.295447780677
0.295176201176
0.294904871746
0.294633792156
0.294362962176
0.294092381576
0.293822050126
0.293551967598
0.29328205546
0.293012343303
0.292742879496
0.292473663811
0.292204696019
0.291935975892
0.291667503201
0.29139927772
0.291131299219
0.290863567472
0.290596082252
0.290328843332
0.290061850484
0.289795103798
0.289528602776
0.289262347148
0.288996336687
0.288730571168
0.288465050365
0.288199774053
0.287934742006
0.287669954
0.28740540981
0.287141109212
0.286877051981
0.286613237893
0.286349666725
0.286086338252
0.285823252251
0.285560408242
0.285297806127
0.285035445816
0.284773327085
0.284511449713
0.284249813477
0.283988418154
0.283727263524
0.283466349364
0.283205596298
0.282945024001
0.282684691637
0.282424598986
0.282164745828
0.28190513194
0.281645757104
0.281386621099
0.281127723705
0.280869064703
0.280610643873
0.280352460995
0.280094515851
0.279836808222
0.279579337888
0.279322104632
0.279065108235
0.278808348479
0.278551825147
0.278295538019
0.27803948688
0.277783671511
0.277528091696
0.277272747218
0.27701763786
0.276762763405
0.276508123637
0.276253718341
0.275999547299
0.275745610297
0.275491907119
0.27523843755
0.274985201374
0.274732198377
0.274479428344
0.274226891061
0.273974586312
0.273722513885
0.273470585526
0.273218825388
0.272967297069
0.272716000356
0.272464935036
0.272214100771
0.271963497296
0.271713124575
0.271462982397
0.271213070547
0.270963388815
0.270713936989
0.270464714856
0.270215722206
0.269966958826
0.269718424507
0.269470119036
0.269222042204
0.268974193799
0.268726573612
0.268479181432
0.268232009917
0.267985045113
0.267738307712
0.267491797505
0.267245514283
0.266999457838
0.26675362796
0.266508024441
0.266262647071
0.266017468808
0.265772379978
0.265527516825
0.26528287914
0.265038466716
0.264794279346
0.264550316823
0.264306578939
0.264063065487
0.263819776262
0.263576711056
0.263333869663
0.263091251877
0.262848857492
0.262606686303
0.262364738103
0.262123012689
0.261881509854
0.261640229393
0.261399171102
0.261158334776
0.260917720211
0.260677327203
0.260437155547
0.260197205041
0.259957475479
0.259717966659
0.259478678377
0.259239610431
0.259000762618
0.258762134734
0.25852357399
0.258285181567
0.258047008656
0.257809055054
0.257571320559
0.257333805609
0.257096509821
0.256859432534
0.256622573548
0.256385932661
0.256149509672
0.255913304381
0.255677316587
0.255441546091
0.255205992691
0.254970656189
0.254735536384
0.254500633077
0.254265946069
0.254031475159
0.25379722015
0.253563180843
0.253329357039
0.253095748539
0.252862355145
0.25262917666
0.252396212885
0.252163463622
0.251930928675
0.251698607845
0.251466423559
0.25123429771
0.251002385603
0.250770687042
0.250539201831
0.250307929773
0.250076870671
0.249846024329
0.249615390553
0.249384969145
0.24915475991
0.248924762654
0.24869497718
0.248465403294
0.248236040127
0.248006887681
0.247777946241
0.247549215611
0.247320695597
0.247092386006
0.246864286644
0.246636397317
0.246408717833
0.246181130147
0.24595363126
0.245726341859
0.245499261749
0.245272390739
0.245045728533
0.244819274876
0.244593029742
0.244366992938
0.244141164273
0.243915543555
0.243690130593
0.243464925196
0.243239927171
0.243015117581
0.242790416392
0.242565688706
0.242341167959
0.24211685396
0.24189274652
0.241668845448
0.241445150554
0.241221661649
0.240998378541
0.240775301043
0.240552428965
0.240329762117
0.240107300311
0.239885043358
0.23966299107
0.239441096477
0.239218856975
0.238996822136
0.238774991771
0.238553365693
0.238331943712
0.238110725642
0.237889711294
0.237668900481
0.237448293015
0.23722788871
0.237007148745
0.236786158447
0.2365653717
0.236344788316
0.236124408108
0.235904230889
0.235683421924
0.2354623626
0.235241506966
0.235019640658
0.234797482152
0.234575528492
0.234351461481
0.234127451791
0.2339006828
0.233673728714
0.233443703917
0.23321126554
0.232976293599
0.232736709592
0.232493001421
0.232244912932
0.231992186253
0.231732937458
0.231467562351
0.231197257482
0.230921203442
0.230639935728
0.230354997478
0.230068118414
0.229780252214
0.229492701371
0.22921026463
0.228930200469
0.228659820692
0.228400371649
0.228152559657
0.227918315952
0.227697338929
0.227491353991
0.227301442298
0.227124707278
0.22695987663
0.226805181916
0.226659131576
0.226518387875
0.226380732643
0.226244316696
0.226108072281
0.225969809717
0.22582783697
0.22567929452
0.22552624314
0.225366996918
0.22520176706
0.225030821073
0.224853913927
0.224673700462
0.224487315026
0.224298006062
0.224106030904
0.223910017608
0.223713454326
0.223513606814
0.223313943658
0.223111932434
0.222909551696
0.222707265952
0.222503689435
0.222299495157
0.222095110217
0.221890913475
0.221686904757
0.221482470803
0.221277735377
0.221073188476
0.220868829927
0.220664659555
0.220460363283
0.220255702398
0.22005122276
0.219846931431
0.219642828238
0.219438913007
0.219235185565
0.219031646822
0.218828297356
0.218625135159
0.218422160058
0.218219371881
0.218016092805
0.217812986301
0.217610066867
0.217407334331
0.217204788522
0.217002429267
0.216800256394
0.216598269733
0.21639646911
0.216194854356
0.2159934253
0.215792181769
0.215591123594
0.215390250603
0.215189562627
0.214988637039
0.214787770348
0.214587088694
0.214386591904
0.214186279809
0.21398615224
0.213786209026
0.213586449997
0.213386874984
0.213187483819
0.21298827633
0.212789251167
0.212590409293
0.21239175059
0.212193274891
0.211994687644
0.211796055139
0.211597605645
0.211399338993
0.211201255016
0.211003353544
0.21080563441
0.210608097447
0.210410742486
0.21021356936
0.210016577902
0.209819767993
0.209623139444
0.209426692062
0.209230425679
0.209034139606
0.208837669776
0.208641381006
0.208445272925
0.20824934405
0.208053595738
0.207858027824
0.207662640141
0.207467432523
0.207272404805
0.207077556822
0.206882888407
0.206688399396
0.206494089624
0.206299958925
0.206105911369
0.205911489247
0.205717246358
0.205523182535
0.205329297615
0.205135591433
0.204942063825
0.204748714625
0.204555543671
0.204362550799
0.204169735843
0.203977098408
0.203784638097
0.203592355214
0.203400249596
0.203208321079
0.20301595311
0.202823723182
0.202631670535
0.202439795005
0.20224809643
0.202056574647
0.201865229493
0.201674060807
0.201483068425
0.201292252187
0.201101611929
0.200910813933
0.200719876988
0.200529116208
0.200338531431
0.200148122496
0.199957889241
0.199767831505
0.199577946083
0.199388237881
0.199198696473
0.199009328962
0.19882006189
0.198630302864
0.198440719017
0.198251310188
0.198062076217
0.197873016943
0.197684132206
0.197495421845
0.197306885699
0.19711852361
0.196930335417
0.196742321545
0.196553874437
0.19636534202
0.196176983784
0.195988799567
0.19580078921
0.195612952554
0.195425289438
0.195237799705
0.195050483194
0.194863339747
0.194676369204
0.194489251033
0.194301616508
0.194114155508
0.193926867739
0.193739751617
0.193552808545
0.193366038364
0.193179440917
0.192993016044
0.192806763587
0.192620683387
0.192434779413
0.192248026778
0.192061319449
0.191874785016
0.191688423322
0.191502234207
0.191316217513
0.191130373083
0.190944703471
0.190759206199
0.190573880714
0.190388726858
0.190203093733
0.190016921863
0.1898309227
0.189645096087
0.189459441866
0.189273959879
0.189088649969
0.188903511977
0.188718545748
0.188533751122
0.188349127944
0.188164576259
0.187978909259
0.187792406975
0.187606078338
0.187419923189
0.187233941369
0.187048132722
0.186862497087
0.186676443724
0.186489941342
0.18630361298
0.186117458481
0.185931477684
0.185745670434
0.185560036569
0.185374573233
0.185188096654
0.185001619613
0.184815317033
0.184629188754
0.184443234618
0.184257454467
0.184071848141
0.183886001988
0.183699199085
0.183512571518
0.183326118702
0.183139833898
0.182953723961
0.182767788733
0.182582031571
0.182395281389
0.182208108397
0.18202111181
0.181834291469
0.181647647213
0.181461178883
0.18127488632
0.18108867099
0.180900725523
0.180712958086
0.180525368516
0.180337956654
0.180150722338
0.179963665408
0.179776785702
0.179589007906
0.179400124288
0.179211422816
0.179022900898
0.178834557611
0.178646393927
0.178458409683
0.178270596876
0.178080618381
0.177890416693
0.177700397876
0.177510561766
0.177320908197
0.177131437005
0.176942148026
0.176752391611
0.176560720874
0.1763692361
0.176177937123
0.175986823774
0.175795895888
0.175603699504
0.175410406188
0.175217367266
0.175024517436
0.174831856528
0.174639384373
0.174444471332
0.17424933125
0.174054384524
0.173859643205
0.173665102197
0.173470285482
0.173272653024
0.173075219126
0.17287798361
0.172680946299
0.172484063836
0.172285656903
0.172085273458
0.171885094776
0.171685120674
0.171485350965
0.171285785467
0.171083062179
0.17087937061
0.170675883421
0.170472608549
0.170269545802
0.170066565416
0.169858673802
0.169651004589
0.169443557575
0.169236429083
0.169029442158
0.168820635455
0.168608028585
0.168395656226
0.16818351816
0.167971614166
0.167759934457
0.167544842304
0.167327835244
0.167111075029
0.166894571306
0.166673998237
0.166452735338
0.166231759654
0.16601091959
0.165784596255
0.165558546393
0.165332769726
0.165105661562
0.164873910882
0.164642450656
0.164411280574
0.16417731424
0.163939444363
0.163701815109
0.163464496392
0.163222462886
0.162977526338
0.162732925168
0.162488598787
0.162237016279
0.161984079688
0.161731508281
0.161479045765
0.161216453238
0.160954252904
0.160692450128
0.160428463218
0.160155108637
0.159882200425
0.15960973986
0.15933215228
0.159046425665
0.158761318329
0.158476715408
0.158184202312
0.157886733188
0.157589703807
0.157282811225
0.156973473817
0.156664625817
0.15634256688
0.156019889239
0.155697080201
0.155358710109
0.155021086422
0.154680374075
0.154324966054
0.153970527658
0.153609451721
0.153235118709
0.152861897686
0.152476810377
0.152080811174
0.151686044101
0.151273646143
0.150852884218
0.1504336423
0.149989769969
0.149540633422
0.149093176665
0.148618776156
0.148143505321
0.147643080896
0.147140973399
0.146614578381
0.146082919059
0.145528144333
0.144963357375
0.144378773921
0.143769820704
0.143145969595
0.142516772586
0.141850967217
0.141164269826
0.140462898297
0.139720161744
0.138962187734
0.138174150884
0.137348396153
0.136506113083
0.13561195371
0.134692400988
0.133735783337
0.132737319365
0.131684255726
0.130587955183
0.129448215376
0.128263370044
0.126998431953
0.125676299529
0.124295744826
0.12285392104
0.121327121092
0.119718854112
0.118022880574
0.116231569727
0.114333348032
0.112323665895
0.110192047328
0.107928411099
0.105520315176
0.102963552903
0.100213086735
0.0972851611915
0.094157802769
0.0907581935039
0.0871039414802
0.0831336499681
0.078820624844
0.074127041005
0.069044523827
0.0635780803359
0.057789363505
0.0517521792233
0.0456497721004
0.0396689739354
0.0339476072112
0.0287150220129
0.0240740522247
0.0200562144567
0.0166849624671
0.0138958808635
0.0116479001683
0.00983535159124
0.00840670507888
0.00727438373124
0.006396451979
0.00570867466833
0.00518945297701
0.00479957019879
0.00452834253479
0.00435398315089
0.00427094340509
0.00427041539774
0.00436006668716
0.00454118141944
0.00482002469934
0.00521767021104
0.00574748236294
0.0064501451372
0.00735163838911
0.00851255800925
0.00998490566539
0.0118522161762
0.01418156534
0.0170474751941
0.0205142342855
0.0246356389804
0.0294015485595
0.0347215887321
0.0404799069617
0.0464997379218
0.0525123015212
0.0584033178114
0.0639865964356
0.0692087075045
0.0740256904975
0.0784231562934
0.082423056284
0.0860565480575
0.089402158461
0.0924589928051
0.0952892378653
0.097872827992
0.100272317703
0.102496940968
0.104568328351
0.106490749495
0.108282604368
0.109950630301
0.11150517644
0.11295653021
0.114308167736
0.115568115038
0.116748182193
0.117853242756
0.118889422444
0.119859284591
0.120758538197
0.121623231699
0.122422641117
0.123168144857
0.123869404423
0.124524133406
0.125146052284
0.125722753297
0.12628084349
0.126782638792
0.127275115832
0.127718757624
0.128148228791
0.128545925108
0.128919797155
0.129276027947
0.129601797519
0.129919417665
0.130203228242
0.13047926435
0.130732899278
0.130972231975
0.131198336631
0.131405169428
0.13160617991
0.131784004046
0.131956503277
0.132112986989
0.132262135967
0.132398302052
0.132525745421
0.132643223766
0.132751245905
0.132851710012
0.132939675965
0.133020937447
0.133102814217
0.133167950424
0.133229063131
0.133290425543
0.133334649429
0.133378013351
0.133420187927
0.133447739416
0.133475710021
0.133500464112
0.13351445089
0.133528775188
0.133538194598
0.133540108495
0.133542254719
0.13353847941
0.133529615626
0.133520955414
0.13350553527
0.133487245247
0.133469141759
0.133443360484
0.133416522867
0.133389848484
0.133355210214
0.133320763006
0.13328552413
0.133245277724
0.13320362056
0.133156901344
0.133110431813
0.133064092317
0.133014439631
0.132960527988
0.132906736813
0.132853054676
0.132795249646
0.132735280748
0.132675443466
0.132614419393
0.132549291794
0.132484311769
0.132419438693
0.132350535462
0.132280953915
0.132211478133
0.132140214103
0.13206653655
0.131992983648
0.131919300321
0.131841982666
0.131764792665
0.13168770344
0.131607343361
0.131526705636
0.131446167185
0.131362280393
0.131277452182
0.131192721986
0.131108079842
0.131019395862
0.13092991487
0.130840531117
0.130750969972
0.130658465558
0.130566096435
0.130473824335
0.130381649186
0.130289568917
0.130197570121
0.130105668066
0.130013862682
0.129922299076
0.129832506741
0.12974282373
0.12965323684
0.129563746195
0.129474351758
0.12938480582
0.129293276696
0.129201843652
0.129109564332
0.12901559912
0.128921743393
0.128826641747
0.128729972915
0.128633400589
0.128536924692
0.128440583847
0.12834184982
0.128243109121
0.128144465238
0.128045922012
0.127947124822
0.127846762263
0.127746496885
0.127646328604
0.127546250006
0.127446254979
0.127345579342
0.12724402232
0.127142562689
0.127041200365
0.126939935263
0.12683874406
0.126736529142
0.126634027583
0.126531620901
0.126429300022
0.126327076547
0.126224883399
0.126121528659
0.126018271716
0.125915112483
0.125812050876
0.125709057376
0.125605759908
0.125501796573
0.125397931146
0.125294163541
0.125190493671
0.125086921448
0.124982737895
0.124878307677
0.124773976368
0.124669742948
0.124565607329
0.124461569423
0.124356757112
0.124251981531
0.124147303952
0.124042724287
0.1239382429
0.123833679715
0.123728574508
0.123623567368
0.123518658206
0.123413832311
0.123309086923
0.123204046048
0.123098778321
0.122993608611
0.122888536829
0.122783562886
0.122678692961
0.122573368383
0.122468020393
0.12236277033
0.122257611644
0.1221525468
0.122047494539
0.121941931837
0.1218364671
0.121731100238
0.121625831162
0.121520661393
0.121415594911
0.121310625942
0.121205387303
0.121099905386
0.120994521217
0.120889234704
0.12078404576
0.120678954295
0.120573960219
0.120469063444
0.120363704296
0.120258391599
0.120153193091
0.120048091959
0.119943087774
0.119838154941
0.119733319236
0.119628416812
0.119523248483
0.119418177407
0.119313203497
0.119208326664
0.119103546817
0.118998863869
0.11889427773
0.118789458285
0.11868459895
0.118579836512
0.118475170884
0.118370601978
0.118266129703
0.118161753972
0.118057432048
0.117952833711
0.117848331974
0.117743926748
0.117639617945
0.117535406357
0.117431294008
0.117327277813
0.117223169552
0.117118969014
0.117014864661
0.116910856407
0.116806944161
0.116703127837
0.116599407347
0.116495782601
0.116391973017
0.116288226519
0.116184559965
0.116080989028
0.115977513659
0.11587413377
0.115770849273
0.115667572284
0.115564176744
0.115460876577
0.115357671697
0.115254562014
0.115151547443
0.115048627895
0.114945803283
0.1148428969
0.114740005181
0.114637208345
0.114534506307
0.114431898978
0.114329386273
0.114226968103
0.114124623716
0.11402214914
0.113919769041
0.113817483333
0.113715291929
0.1136131975
0.11351120964
0.113409315812
0.113307411463
0.113205488072
0.113103658634
0.113001923062
0.112900281271
0.112798733174
0.112697278685
0.112595917717
0.112494440489
0.11239302714
0.112291707255
0.112190480749
0.112089347536
0.11198830753
0.111887360645
0.111786506796
0.111685745897
0.111585080882
0.111484513694
0.111383923273
0.111283290965
0.111182747534
0.111082296749
0.110981938526
0.110881672779
0.110781499423
0.110681418373
0.110581429544
0.110481532851
0.110381728209
0.110282000848
0.110182151832
0.110082394809
0.109982729694
0.109883156403
0.109783674851
0.109684284953
0.109584986625
0.109485779784
0.109386664344
0.109287640222
0.109188707333
0.10908973783
0.108990799077
0.108891951468
0.10879319492
0.108694529348
0.108595954669
0.108497470798
0.108399077653
0.108300775151
0.108202563206
0.108104441737
0.108006367629
0.1079082567
0.107810236145
0.107712305881
0.107614465823
0.107516715889
0.107419055996
0.107321486062
0.107224006002
0.107126615736
0.107029315179
0.10693210425
0.106834857081
0.106737662584
0.106640553804
0.106543534466
0.10644660449
0.10634976457
0.106253017541
0.106156359621
0.10605979073
0.105963310785
0.105866919705
0.105770544913
0.105674166996
0.105577877844
0.105481677373
0.105385565502
0.105289542151
0.105193607236
0.105097760678
0.105002002394
0.104906332304
0.104810750325
0.104715248439
0.104619699811
0.104524239178
0.10442886646
0.104333581574
0.104238384441
0.104143274979
0.104048253108
0.103953253397
0.103858253053
0.103763340195
0.103668514743
0.103573776615
0.103479125731
0.103384562012
0.103290085376
0.103195531077
0.103101034333
0.103006624607
0.102912301818
0.102818065887
0.102723916732
0.102629766879
0.102535537545
0.102441394978
0.102347339099
0.102253369827
0.102159453953
0.102065287143
0.101971207042
0.101877213569
0.101783306645
0.101689116977
0.101594933754
0.10150083726
0.10140634993
0.101311908207
0.101217159667
0.101122184541
0.101026765113
0.100930784733
0.100834129838
0.100736346737
0.100637157662
0.100535769779
0.100430750151
0.100320895204
0.100203949626
0.100076597865
0.0999359947246
0.0997766220579
0.0995942055811
0.0993838116249
0.0991434914872
0.0988702470433
0.0985681403546
0.0982437456762
0.0979105354207
0.0975819131215
0.0972746427134
0.0970105984028
0.096804639812
0.0966673851391
0.0966051777491
0.096613457511
0.0966835935221
0.0968020780591
0.0969460328803
0.0970991800887
0.0972492229353
0.0973788317259
0.0974773672893
0.0975459530626
0.0975821937308
0.0975902235421
0.0975725425574
0.0975360559742
0.0974846670323
0.0974220643856
0.0973518380225
0.097276460548
0.0971972768258
0.0971156440552
0.097032367283
0.096948109466
0.0968628761834
0.096777337784
0.0966911636533
0.0966047718136
0.096518178464
0.09643152044
0.0963445873443
0.0962577113542
0.0961705484815
0.0960834659128
0.0959964635743
0.0959093350793
0.0958221808297
0.0957351068593
0.0956481130942
0.095560974214
0.0954738777552
0.095386861511
0.0952999254077
0.0952130693715
0.0951262699639
0.0950394179973
0.0949526460149
0.0948659539432
0.0947792935946
0.0946926328655
0.0946060519411
0.0945195507477
0.0944331292121
0.0943467872608
0.0942605248206
0.0941743418183
0.0940881517037
0.0940020110805
0.0939159497803
0.09382996773
0.0937440648567
0.0936582410876
0.0935724963496
0.093486815007
0.0934011336341
0.0933155311596
0.0932300075107
0.093144562615
0.0930591963998
0.0929739087929
0.0928886997217
0.092803514979
0.0927183605532
0.0926332845389
0.092548286864
0.0924633674564
0.0923785262441
0.0922937631549
0.0922090781171
0.0921243390687
0.0920396721388
0.0919550831702
0.0918705720913
0.0917860982495
0.0917015467684
0.0916170712837
0.0915326683431
0.0914482711336
0.091363712983
0.0912792326958
0.0911944653176
0.0911096756488
0.0910243943012
0.0909386039021
0.090851857951
0.0907637688616
0.0906737269626
0.0905809382811
0.0904841610001
0.0903824908275
0.090275048738
0.0901608301829
0.090040089054
0.0899131822956
0.0897820065477
0.0896500443191
0.0895204250657
0.0893978067457
0.0892863469768
0.0891894396292
0.0891078970604
0.089042288383
0.0889911125728
0.0889500848522
0.0889157958317
0.0888837243846
0.0888499429592
0.0888122588347
0.0887678304543
0.0887167796593
0.0886590655182
0.0885953627915
0.0885269523919
0.0884548748841
0.0883800304288
0.0883032531552
0.0882251985726
0.0881464038294
0.0880670605814
0.087987277578
0.087907418232
0.0878273580905
0.0877473716858
0.0876672797736
0.0875871359877
0.0875070660055
0.0874270697589
0.0873470482814
0.0872670152587
0.0871870559334
0.0871071702379
0.0870273581042
0.0869476194646
0.0868679542515
0.0867882694284
0.0867086399889
0.0866290838736
0.0865496010149
0.0864701913455
0.0863908547979
0.0863115913048
0.0862323903411
0.0861532205411
0.0860741236415
0.085995099575
0.0859161482748
0.0858372696737
0.0857584637047
0.0856797303012
0.0856010415881
0.085522408662
0.0854438481416
0.08536535996
0.0852869440507
0.0852086003346
0.0851303286782
0.0850521290946
0.0849740015177
0.0848959458809
0.0848179621182
0.0847400501633
0.0846622099501
0.0845844414125
0.0845067444846
0.0844291037514
0.0843515128489
0.0842739933922
0.0841965453154
0.084119168553
0.0840418630392
0.0839646287084
0.083887465495
0.0838103733336
0.0837333521587
0.0836564019051
0.0835795225073
0.0835027139002
0.0834259760185
0.0833493087972
0.0832727050715
0.0831961450526
0.08311965553
0.0830432364389
0.0829668877144
0.0828906092916
0.0828144011059
0.0827382630925
0.082662195187
0.0825861973246
0.0825102689595
0.0824344082786
0.0823586174501
0.0822828964097
0.0822072450931
0.0821316634361
0.0820561513746
0.0819807088444
0.0819053357816
0.0818300321222
0.0817547978023
0.081679632758
0.0816045369256
0.0815295014231
0.0814545199676
0.0813796075548
0.0813047641211
0.081229989603
0.081155283937
0.0810806457387
0.0810060761732
0.080931575271
0.0808571340485
0.0807827494911
0.0807084334267
0.0806341857922
0.0805600065247
0.080485895561
0.0804118528384
0.0803378782941
0.0802639718652
0.080190133489
0.0801163631028
0.0800426606441
0.0799690260503
0.079895459259
0.0798219602076
0.0797485288338
0.0796751650753
0.0796018688698
0.0795286401552
0.0794554788693
0.0793823849499
0.0793093583351
0.0792363989629
0.0791634882088
0.079090632041
0.0790178429588
0.0789451209004
0.0788724658041
0.0787998776082
0.0787273562511
0.0786549016713
0.0785825138072
0.0785101925976
0.0784379379809
0.0783657498958
0.0782936282812
0.0782215730757
0.0781495842183
0.0780776616478
0.0780058053033
0.0779340151237
0.0778622910481
0.0777906332058
0.0777190417627
0.0776475162407
0.077576056579
0.0775046369017
0.0774332769751
0.0773619827563
0.0772907541848
0.0772195912002
0.077148493742
0.0770774617499
0.0770064951637
0.0769355939231
0.0768647579679
0.0767939872381
0.0767232816735
0.0766526412142
0.0765820658002
0.0765115553717
0.0764411098687
0.0763707292315
0.0763004134004
0.0762301623157
0.0761599759178
0.0760898541471
0.0760197969442
0.0759498042495
0.0758798475444
0.0758099544783
0.0757401257693
0.0756703613582
0.0756006611857
0.0755310251928
0.0754614533204
0.0753919455093
0.0753225017006
0.0752531218353
0.0751838058547
0.075114553705
0.0750453653367
0.0749762406765
0.074907179666
0.0748381822464
0.0747692451154
0.0747003702359
0.0746315587761
0.0745628106775
0.0744941258817
0.0744255043305
0.0743569400284
0.0742884125877
0.0742199482468
0.0741515469476
0.0740832086319
0.0740149332419
0.0739467207195
0.0738785710069
0.0738104840463
0.0737424597799
0.0736744983295
0.073606599808
0.0735387638071
0.0734709902694
0.0734032791372
0.0733356303532
0.0732680438598
0.0732005195997
0.0731330575158
0.0730656575505
0.0729983177956
0.0729310397346
0.072863823623
0.0727966577022
0.0727295318073
0.0726624677219
0.0725954653888
0.0725285247514
0.0724616457528
0.0723948283362
0.0723280724449
0.0722613780224
0.0721947450119
0.0721281733569
0.072061663001
0.0719952138876
0.0719288259605
0.0718624991633
0.0717962334396
0.0717300287332
0.071663884988
0.0715978021478
0.0715317801566
0.0714658189583
0.0713999184969
0.0713340787165
0.0712682811773
0.0712025300267
0.0711368394199
0.0710712093011
0.0710056406048
0.0709401335771
0.0708746868683
0.0708093004229
0.0707439741854
0.0706787081003
0.0706135021123
0.0705483561661
0.0704832702063
0.0704182441777
0.0703532780251
0.0702883603114
0.0702234816624
0.0701586627541
0.0700939035312
0.070029203939
0.0699645639226
0.0698999834269
0.0698354623973
0.069771000779
0.0697065985173
0.0696422555576
0.0695779718451
0.0695137480483
0.0694495837785
0.0693854785915
0.0693214275572
0.069257407272
0.0691934459374
0.0691295434989
0.0690656999026
0.069001915094
0.0689381890192
0.068874521624
0.0688109128544
0.0687473626564
0.0686838704573
0.0686204355275
0.0685570590093
0.0684937408488
0.0684304809924
0.0683672793864
0.068304105107
0.0682409869482
0.0681779269097
0.068114924938
0.0680519784476
0.0679890893502
0.0679262581622
0.0678634848303
0.0678007689651
0.0677381099297
0.067675508592
0.0676129648988
0.067550478797
0.0674880502335
0.0674256791555
0.0673633365739
0.0673010406417
0.0672388020734
0.0671766208161
0.067114496817
0.0670524300235
0.066990420383
0.0669284678426
0.06686657235
0.0668047338525
0.0667429522976
0.0666812275607
0.0666195574683
0.0665579441636
0.0664963875943
0.0664348629757
0.0663733725372
0.0663119387218
0.0662505614773
0.0661892407517
0.0661279764929
0.066066768649
0.0660056171679
0.0659445219977
0.0658834830867
0.0658225003831
0.065761573835
0.0657007050887
0.0656398927665
0.065579136443
0.0655184173576
0.0654577141054
0.0653970668442
0.0653364773247
0.0652759436
0.0652154656185
0.0651550433291
0.0650946766804
0.0650343656212
0.0649741101004
0.0649139100668
0.0648537654692
0.0647936744653
0.0647336376819
0.0646736561843
0.0646137240471
0.0645537985639
0.0644939282654
0.0644341131008
0.0643743530194
0.0643146479705
0.0642549979034
0.0641954027674
0.0641358625121
0.0640763770868
0.0640169464411
0.0639575705245
0.0638982068514
0.0638388838385
0.0637796154574
0.0637204016576
0.063661242389
0.0636021376013
0.0635430872444
0.0634840912681
0.0634251496224
0.0633662622573
0.0633074291227
0.0632486318276
0.0631898394526
0.0631311014557
0.063072421933
0.0630137958643
0.062955221419
0.0628967009184
0.0628382343127
0.0627798215525
0.0627214625881
0.06266315737
0.0626049058488
0.0625466435987
0.062488425372
0.0624302607648
0.0623721497278
0.0623140922117
0.0622560881671
0.0621981375449
0.0621402402959
0.0620823972423
0.062024607471
0.0619668709248
0.061909144454
0.0618514257886
0.0617937602867
0.0617361478993
0.0616785885776
0.0616210822726
0.0615636289356
0.0615062285178
0.0614488791539
0.0613915812136
0.0613343389982
0.061277145161
0.0612199066554
0.0611627208764
0.0611055877754
0.061048507304
0.060991478208
0.0609344977275
0.0608775697363
0.0608206936794
0.0607638672186
0.0607070931056
0.0606503712922
0.0605936250632
0.0605368888798
0.0604802049681
0.06042357328
0.0603669937673
0.0603104663822
0.0602539910765
0.0601975678024
0.0601411966818
0.0600848775529
0.060028610312
0.0599723658351
0.0599160845305
0.0598598550868
0.0598036774564
0.0597475515915
0.0596914774446
0.0596354543791
0.0595794809071
0.0595234826735
0.0594675054602
0.0594115798363
0.0593557057544
0.059299883167
0.0592441120268
0.0591883922863
0.059132718719
0.0590769761262
0.0590212849175
0.0589656450457
0.0589100564635
0.0588545224364
0.0587990398142
0.0587436083368
0.0586881683671
0.0586327033464
0.058577289467
0.0585219266816
0.0584666149435
0.0584113542055
0.0583561442286
0.0583009848512
0.0582457289557
0.0581905018279
0.0581353256404
0.0580802003463
0.0580251258988
0.0579701022513
0.0579151293569
0.0578601594236
0.0578050934275
0.0577500788947
0.0576951151296
0.0576402020857
0.0575853397164
0.0575305284301
0.0574757698819
0.0574209260149
0.057366041925
0.0573112085131
0.0572564257326
0.0572016935372
0.0571470118802
0.0570923807154
0.0570377938859
0.0569830306826
0.0569283257187
0.0568736713025
0.0568190673874
0.0567645139272
0.0567099365259
0.0566552637612
0.0566006421528
0.0565460736464
0.0564915555989
0.056437087964
0.056382517799
0.0563278999355
0.0562733326231
0.0562188158152
0.0561643472562
0.056109927219
0.0560552984573
0.0560006983533
0.055946148843
0.0558916498801
0.0558372059145
0.0557827406987
0.055728060933
0.0556734328627
0.0556188554882
0.0555643287633
0.0555098526415
0.0554552430545
0.0554004850782
0.0553457780158
0.0552911218208
0.0552365165622
0.0551819622818
0.0551271026828
0.0550722108163
0.0550173702241
0.0549625807491
0.0549078423447
0.054853107036
0.054797954244
0.0547428495367
0.0546877963588
0.0546327946633
0.0545778438765
0.0545227490484
0.0544674036571
0.0544121101983
0.0543568686249
0.054301398746
0.0542458068007
0.0541902660634
0.0541347758885
0.0540789289409
0.0540230303641
0.0539671827213
0.0539113863061
0.0538550794646
0.053798814652
0.0537426033045
0.0536863200787
0.0536295608255
0.0535728556832
0.0535162044583
0.0534592713222
0.0534019131986
0.0533446142304
0.0532873731926
0.0532301706825
0.0531720261747
0.0531139383421
0.0530559071337
0.0529979339635
0.0529393871873
0.0528805549878
0.0528217808083
0.0527622758979
0.0527025543997
0.0526428869788
0.0525832722572
0.0525227670308
0.0524621019476
0.0524012813234
0.0523396549189
0.0522780753246
0.0522157513427
0.0521529297934
0.0520901704531
0.052026271303
0.0519618355046
0.0518969146242
0.0518303329332
0.0517618579611
0.0516909127295
0.0516156004545
0.0515336075293
0.0514431928494
0.0513407239257
0.0512263390522
0.051099049538
0.050966669863
0.0508333274128
0.0507087943145
0.0506051387692
0.0505249194406
0.0504722661822
0.0504408785073
0.0504245170441
0.0504093513833
0.0503917881215
0.0503634368349
0.0503206704482
0.0502652649679
0.0501990563677
0.0501238016351
0.050042833181
0.0499569860424
0.0498668283547
0.0497734160198
0.0496782454652
0.0495791154226
0.049477326196
0.0493738321606
0.0492652059273
0.0491541753723
0.0490400249583
0.0489207051012
0.0487974778121
0.048670454051
0.0485388835025
0.0484003442818
0.0482570973519
0.0481087794481
0.0479518881917
0.0477875950068
0.0476168072798
0.0474376303735
0.0472469679089
0.0470451318188
0.0468329909186
0.0466082079139
0.0463713917749
0.0461139665603
0.0458410152763
0.0455477155399
0.0452334801345
0.0448939707924
0.0445270793717
0.0441305937358
0.0436990222385
0.0432222963493
0.0427029542408
0.0421325396552
0.0415046793356
0.040804739511
0.0400183210415
0.039137661251
0.0381449547751
0.0370186314852
0.0357373493906
0.0342392543775
0.0324756627437
0.0303628614092
0.027775615443
0.0246230331839
0.0208740186294
0.0167216067925
0.01267330563
0.00916127012305
0.00647673965727
0.00458239930416
0.00331646420522
0.00249779969704
0.00198012150919
0.00166011429165
0.00148347137531
0.0014139422605
0.00144035975676
0.00156600878625
0.00181597268642
0.00223419181985
0.00290856661779
0.00395806909596
0.00555786970298
0.00790019268259
0.0111005682505
0.0149550015889
0.0190848947083
0.0229810242323
0.026327167306
0.0290329993166
0.0312326094565
0.0330115913056
0.0344996690557
0.0357614863873
0.0368423380719
0.0377808345109
0.0385887461109
0.0393026269341
0.0399316722892
0.0404787889884
0.0409667757083
0.0413988182037
0.0417843225056
0.0421268293126
0.0424318589223
0.0427060986683
0.0429501355935
0.0431711267418
0.0433689823783
0.0435471363677
0.0437079682066
0.0438518250292
0.0439819576477
0.0440978432236
0.0442007006278
0.0442953768024
0.0443801339962
0.0444542949364
0.0445239352691
0.044582901706
0.0446361090565
0.0446855001988
0.0447257488354
0.0447629995618
0.0447952897042
0.0448231962962
0.0448460382278
0.0448657930157
0.0448822526183
0.0448948396912
0.0449054686014
0.0449126888684
0.0449177386352
0.044919947847
0.0449209228011
0.044919115502
0.0449150835862
0.0449096762825
0.0449021812746
0.0448932136497
0.0448829741933
0.0448703671666
0.0448575215513
0.0448430912594
0.0448272028813
0.044811325893
0.044792761615
0.0447742378181
0.0447548640839
0.0447342426793
0.04471289437
0.0446907899205
0.0446675376763
0.04464376588
0.0446201657879
0.0445949469237
0.0445693805032
0.0445438222666
0.0445167905248
0.0444897191758
0.0444625697302
0.0444341795911
0.0444058140033
0.0443771127903
0.0443476650973
0.0443181960778
0.044288267381
0.0442578154997
0.0442273276027
0.0441963316538
0.0441650183706
0.0441336789714
0.0441017772643
0.0440696936217
0.0440377587098
0.0440050637222
0.0439723026994
0.0439395907696
0.0439062106655
0.0438728674694
0.0438395050717
0.0438057106808
0.0437719086378
0.0437379421417
0.0437036197864
0.0436693122494
0.0436350073445
0.0436004797563
0.0435656859336
0.0435308859558
0.0434961347978
0.043461059417
0.0434258482501
0.0433906705707
0.0433554848274
0.0433199365785
0.0432844219457
0.0432489105472
0.0432132859674
0.0431774433983
0.0431416538385
0.0431059020856
0.0430699206577
0.0430338752942
0.0429978360664
0.0429617952068
0.0429255041684
0.0428892465937
0.0428530250322
0.0428168437595
0.0427804497343
0.0427440023853
0.0427075949758
0.0426712214982
0.042634728791
0.0425981585303
0.0425616179367
0.0425251113281
0.0424884107431
0.0424517085891
0.0424150415257
0.042378408502
0.0423418192599
0.0423049840965
0.0422681830699
0.0422313299041
0.0421942446292
0.0421570603558
0.0421194523447
0.0420812262323
0.0420422628463
0.0420024641777
0.0419618977901
0.0419211944627
0.0418805288182
0.0418410488709
0.0418033906632
0.0417677807192
0.0417337181353
0.0417006230903
0.0416678123124
0.0416347161862
0.0416008436836
0.041566153657
0.0415306455004
0.0414947329334
0.0414583774762
0.0414217782202
0.0413852078878
0.0413484961676
0.0413117520734
0.0412750418986
0.0412383655804
0.041201708801
0.0411649400767
0.0411282052752
0.0410915043655
0.0410548373164
0.0410182052183
0.0409816077208
0.0409449736864
0.0409083165437
0.0408716926722
0.0408351008068
0.0407985411649
0.04076195807
0.0407253571787
0.0406887900942
0.0406522603925
0.0406157602516
0.0405792898684
0.0405428531095
0.0405063941451
0.0404699311604
0.040433501785
0.0403971067194
0.0403607458657
0.0403244185275
0.0402880365239
0.0402516762598
0.040215349503
0.0401790596764
0.0401428041854
0.0401065821057
0.0400703934065
0.0400342093946
0.0399979927875
0.0399618061979
0.0399256541597
0.0398895381692
0.0398534554551
0.0398174059868
0.0397813897336
0.0397453598588
0.0397093363682
0.0396733419691
0.0396373807299
0.0396014526199
0.0395655576087
0.0395296956658
0.0394938597307
0.0394579919515
0.0394221571004
0.0393863552445
0.0393505863673
0.0393148504385
0.0392791474277
0.0392434773047
0.0392078061624
0.0391721334044
0.0391365041912
0.0391009064985
0.0390653401238
0.0390298065083
0.0389943056218
0.038958837434
0.03892334036
0.038887872041
0.0388524381514
0.0388170368963
0.0387816682457
0.0387463321695
0.0387110286378
0.0386757576207
0.038640519088
0.0386053125761
0.0385700850876
0.0385348840998
0.03849971553
0.0384645793484
0.0384294755251
0.0383944040303
0.0383593648342
0.0383243554636
0.0382893298882
0.0382543362203
0.0382193729928
0.0381844419628
0.0381495431006
0.0381146763767
0.0380798417615
0.0380450341348
0.0380101766666
0.0379753512965
0.037940557915
0.0379057963359
0.0378708985329
0.0378359183128
0.0378006202729
0.0377647857051
0.0377281756164
0.037690472168
0.0376517100273
0.0376121322219
0.0375725281404
0.0375340585178
0.0374976423659
0.0374638699673
0.0374326553564
0.0374030146929
0.0373739188447
0.0373445050208
0.037313999687
0.0372824426093
0.0372498500232
0.037216632159
0.0371830037125
0.0371491650726
0.0371152184866
0.0370812930477
0.037047297871
0.0370133339981
0.0369794012137
0.0369454984374
0.0369116268798
0.0368777443676
0.0368438860697
0.0368100589489
0.0367762629764
0.0367424981235
0.0367087643616
0.0366750617152
0.0366413864354
0.0366077198256
0.0365740842161
0.0365404795783
0.0365068898411
0.0364733185971
0.0364397782655
0.0364062688177
0.0363727902253
0.03633934246
0.0363059254932
0.0362725391986
0.0362391834965
0.0362058585081
0.0361725642054
0.0361392664882
0.0361059924504
0.0360727490511
0.0360395362622
0.0360063540554
0.0359732024026
0.0359400812756
0.0359069906463
0.0358739292254
0.0358408982108
0.035807897611
0.0357749100599
0.035741927411
0.0357089751325
0.0356760531963
0.0356431615745
0.0356103002393
0.0355774691626
0.0355446683168
0.0355118989341
0.0354791607286
0.0354464526684
0.0354137747256
0.0353810863215
0.0353484277221
0.035315799195
0.0352832007123
0.0352506340259
0.0352180973636
0.0351855906611
0.035153097873
0.0351206123837
0.0350881568076
0.0350557311172
0.035023335285
0.0349909692834
0.034958633085
0.0349263266624
0.0348940499882
0.0348618030349
0.0348295857752
0.0347973944199
0.0347651980649
0.0347330307861
0.0347008931282
0.0346687850639
0.0346367065659
0.0346046576069
0.0345726381599
0.0345406341368
0.0345086370793
0.0344766694867
0.0344447313318
0.034412822392
0.0343809424681
0.0343490919013
0.0343172706645
0.0342854497747
0.0342536500091
0.0342218795277
0.0341901383034
0.0341584263094
0.0341267435186
0.0340950899043
0.0340634615856
0.0340318271545
0.0340002206773
0.0339686433075
0.0339370950182
0.0339055757827
0.0338740855742
0.0338426243661
0.0338111593645
0.0337797089701
0.033748287541
0.0337168950505
0.0336855313296
0.0336541968166
0.0336228912212
0.0335916144577
0.0335603146908
0.033529042189
0.033497798491
0.0334665835702
0.0334353974001
0.0334042399542
0.0333731112061
0.0333419945503
0.0333108646854
0.0332797634958
0.033248690955
0.0332176470368
0.0331866317146
0.0331556449622
0.0331246872749
0.0330937116214
0.0330627443103
0.0330318055285
0.0330008952498
0.0329700139802
0.0329391613631
0.0329083371698
0.0328775291105
0.0328466847383
0.0328158687872
0.0327850812311
0.032754322044
0.0327235911996
0.0326928886719
0.0326622144349
0.032631525622
0.0326008318849
0.0325701664362
0.0325395292497
0.0325089202995
0.0324783395595
0.0324477255184
0.0324171284925
0.0323865598156
0.0323560193702
0.0323255070783
0.0322950088868
0.0322644693139
0.0322339579016
0.032203474624
0.0321730184972
0.0321425910891
0.0321121499848
0.0320816839149
0.0320512459482
0.0320208360589
0.0319904542212
0.0319601004092
0.0319296948948
0.0318992888178
0.0318689108019
0.0318385610219
0.0318082401141
0.0317779410892
0.0317475488922
0.0317171847607
0.0316868517779
0.0316565471723
0.0316262705513
0.0315959753208
0.0315656129224
0.0315352785836
0.0315049722787
0.0314746983052
0.0314444485367
0.031414121475
0.0313837638989
0.0313534344066
0.0313231329723
0.0312928595702
0.0312626141746
0.0312322029692
0.0312018145174
0.0311714542174
0.031141121651
0.031110816531
0.0310805092026
0.0310500697634
0.0310196585662
0.0309892755853
0.0309588494456
0.0309283585884
0.0308978919265
0.0308674562651
0.0308369275584
0.0308063568836
0.0307758146657
0.0307453008786
0.0307146314198
0.0306839590226
0.030653307753
0.0306226817296
0.0305918480007
0.0305610431178
0.0305302699819
0.0304994634079
0.0304684718279
0.0304375081383
0.0304065725959
0.0303755186697
0.0303443180859
0.0303131469196
0.0302820051441
0.0302506654396
0.0302192093427
0.0301877791397
0.0301563825484
0.0301246651729
0.0300928951374
0.0300611553041
0.0300294319031
0.0299973327452
0.0299652644635
0.029933143468
0.0299007156156
0.0298683192063
0.0298358044295
0.0298029999972
0.0297702276789
0.0297372402259
0.0297039874129
0.0296707743528
0.0296372203506
0.0296034590464
0.0295697323942
0.0295355093994
0.0295011511772
0.0294668299392
0.02943179598
0.0293967390475
0.0293616673219
0.0293257442913
0.029289857736
0.0292537995575
0.0292169051097
0.0291800513322
0.0291428849648
0.0291050796371
0.0290669016866
0.0290282469355
0.0289890649003
0.0289494541878
0.0289091597893
0.0288685433819
0.0288266466805
0.0287847031445
0.0287419453627
0.0286985686609
0.0286538682813
0.028608561779
0.0285624590917
0.0285149721215
0.0284667444192
0.0284172210238
0.02836620787
0.0283142669813
0.0282602904574
0.0282050899136
0.0281482403998
0.028088956485
0.0280288128517
0.0279648815394
0.0278995331357
0.0278318683439
0.0277599232521
0.0276855926115
0.0276085022043
0.0275264890248
0.0274405195366
0.027349983722
0.0272543038963
0.0271522888841
0.0270442408435
0.0269286790121
0.0268053425441
0.0266733191574
0.0265303090658
0.026376285641
0.0262097426618
0.0260263759752
0.0258255689122
0.025605929719
0.0253646081779
0.025093976975
0.024793790935
0.0244569241835
0.0240754520727
0.0236445583875
0.0231513415354
0.0225834107249
0.0219250439234
0.0211536399245
0.0202406424268
0.0191485567041
0.017813884394
0.0161287670679
0.0140130130726
0.0114117381495
0.0085652600238
0.0059321042101
0.00392756614352
0.00260181035709
0.00180228881693
0.00134884321757
0.00110816710274
0.00101053576989
0.00102660513025
0.00116185114921
0.00145678751251
0.00199513473377
0.00293084564651
0.00445637513373
0.00668061572951
0.00942339643291
0.0122189762373
0.0146317799825
0.0165684626077
0.018061809524
0.0192542910394
0.0202255343389
0.0210305500691
0.0217026372967
0.0222673192105
0.0227496329841
0.023162363344
0.0235150492822
0.0238213561707
0.024084282455
0.024314127248
0.0245171265431
0.0246903439323
0.024844755157
0.0249820344607
0.0251011240328
0.0252057365049
0.0252993451109
0.0253806490046
0.0254532350093
0.0255169647455
0.0255735005111
0.0256234443436
0.0256674594241
0.0257058218383
0.025739563713
0.0257687502943
0.0257941028015
0.025814961145
0.0258340077861
0.0258498155416
0.025862191582
0.0258732242802
0.0258813133536
0.0258873581436
0.0258918931771
0.0258945436988
0.0258953960685
0.0258949934116
0.025893313387
0.0258900428344
0.0258859510648
0.0258807091789
0.0258740823816
0.0258670290825
0.0258589376633
0.0258498916746
0.02584048376
0.0258300267098
0.0258190268138
0.0258076582863
0.0257951354581
0.025782714227
0.0257695421893
0.0257559549408
0.0257417349801
0.0257273027969
0.0257123500249
0.0256971002039
0.0256814935208
0.0256656326624
0.0256493496104
0.0256329111192
0.0256161359537
0.0255990737248
0.0255816693095
0.0255643709295
0.0255465730548
0.02552857444
0.0255106169049
0.0254922054562
0.0254736807797
0.0254552335667
0.0254362631847
0.0254173134815
0.025398296161
0.0253789679833
0.0253597033313
0.0253402879114
0.025320660761
0.0253010348853
0.025281267629
0.0252613485808
0.0252414685253
0.0252213711043
0.0252012310977
0.0251811185898
0.0251608021944
0.0251404296903
0.0251201022894
0.0250995562142
0.0250790133821
0.0250584742394
0.0250377583275
0.0250170716996
0.024996360136
0.0249755197712
0.0249547037189
0.0249338270176
0.0249128523996
0.0248919036868
0.0248709753236
0.0248499497082
0.0248288649778
0.0248077945864
0.0247867453537
0.0247655887995
0.0247444130205
0.0247232580491
0.0247021328105
0.0246808598258
0.0246596038351
0.0246383741971
0.0246171335593
0.0245958200015
0.0245745262182
0.0245532444438
0.0245319348096
0.0245105859993
0.0244892573996
0.0244679440214
0.0244465860909
0.0244252060364
0.0244038466077
0.0243825069516
0.0243611129413
0.0243397150606
0.0243183369708
0.0242969910024
0.0242755682862
0.0242541657817
0.0242327959356
0.0242114258427
0.0241900209708
0.0241686315363
0.0241472611552
0.0241258613632
0.0241044551645
0.0240830687309
0.024061702044
0.0240403490009
0.0240190066782
0.0239976160498
0.0239762451617
0.0239548939958
0.023933562534
0.0239122507581
0.0238909109323
0.0238695754537
0.0238482556301
0.0238269522506
0.0238056185073
0.0237843022372
0.0237630061677
0.0237417297381
0.0237204653347
0.0236991635337
0.023677880799
0.0236565919739
0.02363523075
0.023613766272
0.0235919462753
0.0235694036068
0.0235456611573
0.0235202738441
0.0234935130084
0.0234666172454
0.0234414488284
0.0234198804593
0.0234018833214
0.0233862524025
0.0233709161108
0.0233544466693
0.0233362566551
0.0233167378917
0.0232963721704
0.0232756026595
0.0232546755136
0.0232336917347
0.0232126729173
0.0231916551147
0.023170656676
0.0231496775836
0.0231286995894
0.0231077207404
0.0230867589515
0.0230658157962
0.0230448919338
0.0230239809816
0.0230030637596
0.022982165805
0.0229612871001
0.0229404276272
0.0229195873685
0.0228987305645
0.0228778909631
0.022857070556
0.0228362693255
0.0228154872539
0.0227946947267
0.0227739152652
0.0227531534859
0.0227323647297
0.0227115807266
0.0226907468193
0.0226697275791
0.0226483477483
0.022625930233
0.0226013147062
0.0225729044487
0.0225395562784
0.0225022642619
0.0224651154219
0.0224341590673
0.0224140382588
0.0224045588108
0.0224008991885
0.0223970332778
0.0223890083974
0.0223760621774
0.022359394806
0.0223406402696
0.0223209307022
0.0223008712187
0.0222806567448
0.0222603960179
0.0222401376006
0.0222198816599
0.0221996128312
0.0221793626692
0.0221591311568
0.0221389108742
0.0221186872384
0.0220984822268
0.0220782958221
0.0220581280074
0.0220379710359
0.0220178207204
0.021997688961
0.0219775757407
0.0219574810423
0.0219374048488
0.0219173422716
0.021897279845
0.0218772358932
0.0218572103989
0.0218371558646
0.0218170457936
0.0217967838879
0.0217761308818
0.0217548903497
0.0217329434792
0.0217105748742
0.0216885136643
0.0216676497042
0.0216485070281
0.021630696584
0.0216133815095
0.021595758848
0.021577424639
0.0215584531853
0.0215390795363
0.0215195032139
0.0214998424018
0.0214801880649
0.0214605212993
0.0214408726439
0.0214212388122
0.0214016095644
0.0213819983921
0.0213624052784
0.0213428302068
0.0213232731606
0.0213037341233
0.0212842130783
0.0212647092612
0.0212452134953
0.0212257356817
0.0212062758038
0.0211868338451
0.0211674097891
0.0211480036194
0.0211286153194
0.0211092448728
0.0210898806371
0.0210705359896
0.0210512091551
0.0210319001171
0.0210126088593
0.0209933353653
0.0209740796188
0.0209548416034
0.0209356188589
0.0209164049351
0.0208972087039
0.0208780301488
0.0208588692536
0.020839726002
0.0208206003778
0.0208014820896
0.0207823801034
0.0207632957065
0.0207442288826
0.0207251786211
0.0207061232247
0.0206870853745
0.0206680451459
0.0206489937388
0.0206298503837
0.0206104537463
0.0205903942156
0.020568946676
0.0205452164829
0.0205189613945
0.0204914950613
0.0204657215767
0.0204448234453
0.0204297901926
0.0204188415067
0.0204085868193
0.0203964888055
0.020381810565
0.0203651131135
0.0203472573244
0.0203289071793
0.0203103766017
0.0202917877538
0.0202731884971
0.020254592768
0.0202360116789
0.0202174327239
0.0201988708766
0.0201803261213
0.0201617984421
0.0201432788106
0.0201247719759
0.0201062821824
0.0200878094143
0.0200693536559
0.0200509148918
0.020032493106
0.0200140864164
0.0199956919078
0.0199773146165
0.0199589543136
0.0199406109168
0.0199222844107
0.0199039747796
0.019885682008
0.0198674060805
0.0198491469814
0.0198309008751
0.0198126687796
0.0197944534723
0.0197762549376
0.01975807316
0.0197399081243
0.0197217598148
0.0197036282163
0.0196855133134
0.0196674150906
0.0196493335326
0.0196312672037
0.019613211537
0.0195951724959
0.019577150065
0.0195591453294
0.0195411572076
0.0195231856491
0.0195052306388
0.0194872921614
0.0194693702018
0.0194514647446
0.0194335757746
0.0194156992834
0.0193978375421
0.0193799922478
0.0193621633853
0.0193443509396
0.0193265548955
0.0193087752379
0.0192910120382
0.0192732652216
0.0192555347463
0.0192378205971
0.0192201209343
0.0192024342395
0.0191847638305
0.0191671096923
0.0191494718099
0.0191318501685
0.0191142447529
0.0190966555483
0.0190790779498
0.019061515218
0.0190439686578
0.0190264387172
0.0190089252885
0.0189914279861
0.0189739467951
0.0189564817006
0.0189390326879
0.0189215997422
0.0189041828486
0.0188867816076
0.0188693897215
0.0188520138497
0.0188346539774
0.0188173100901
0.0187999821729
0.0187826702111
0.0187653734576
0.0187480912563
0.0187308249684
0.0187135745791
0.018696340074
0.0186791192208
0.0186619129838
0.0186447225901
0.0186275480253
0.0186103892747
0.0185932463237
0.018576119158
0.0185590128729
0.0185419113026
0.0185248254793
0.0185077553886
0.0184907010159
0.0184736612982
0.0184566372196
0.0184396288167
0.0184226339795
0.0184056520632
0.0183886857838
0.0183717352038
0.0183548002918
0.0183378809734
0.0183209772342
0.0183040890599
0.0182872102345
0.0182703459201
0.0182534971342
0.0182366639405
0.0182198464811
0.0182030445071
0.0181862570774
0.0181694791267
0.0181527163452
0.0181359689988
0.0181192370735
0.0181025205549
0.0180858194289
0.0180691336813
0.018052463298
0.0180358022342
0.0180191547283
0.0180025225515
0.0179859069679
0.0179693071708
0.0179527226588
0.0179361534179
0.0179195916937
0.0179030419783
0.017886507502
0.017869987962
0.0178534819505
0.0178369911379
0.0178205155103
0.0178040503497
0.0177875981736
0.017771161147
0.0177547392559
0.0177383324864
0.0177219371143
0.0177055493852
0.0176891746423
0.0176728140848
0.0176564607039
0.017640115721
0.0176237857894
0.0176074178324
0.0175909572775
0.0175742382744
0.0175569192726
0.0175386748515
0.0175195429519
0.0175003677086
0.0174824935411
0.0174669042081
0.0174532229106
0.0174401118148
0.0174264535162
0.017411788846
0.0173963516025
0.017380496784
0.0173644720662
0.017348419943
0.0173323517695
0.0173162873006
0.0173002260305
0.0172841795512
0.017268147849
0.0172521262666
0.0172361049816
0.0172200982948
0.0172041062209
0.0171881288747
0.0171721546351
0.0171561871037
0.0171402342778
0.0171242961441
0.0171083726889
0.0170924451123
0.0170765314301
0.0170606321694
0.017044744448
0.017028853877
0.0170129779426
0.016997116631
0.0169812613453
0.0169654052203
0.0169495639973
0.0169337373664
0.01691791144
0.0169020880111
0.0168862797887
0.016870487419
0.0168546865587
0.016838892676
0.016823113702
0.0168073494591
0.0167915672479
0.0167757971189
0.0167600399633
0.0167442925818
0.0167285279591
0.0167127778905
0.016697033038
0.0166812761849
0.0166655366384
0.0166497904217
0.0166340388341
0.0166183017717
0.0166025527527
0.0165867984272
0.0165710570112
0.0165552938002
0.0165395311618
0.01652378388
0.0165079968176
0.0164922158198
0.0164764501531
0.0164606287106
0.0164448216261
0.0164290165633
0.0164131599652
0.0163973178419
0.0163814603412
0.0163655635352
0.0163496582046
0.0163337150648
0.0163177650123
0.0163017575512
0.0162857476731
0.0162696714917
0.016253593883
0.0162374251529
0.0162212613851
0.0162049885702
0.0161887139014
0.0161723100011
0.0161558999664
0.016139368932
0.0161226921101
0.0161059460667
0.0160890161209
0.0160716415878
0.0160532481685
0.0160319297695
0.016003360051
0.0159617066629
0.0159044959009
0.0158414792613
0.0157933129032
0.015778203488
0.0157942519093
0.0158213936393
0.0158403471524
0.0158433772395
0.0158338625542
0.0158176530122
0.0157986307979
0.0157784194256
0.0157573660575
0.0157355837884
0.0157130886986
0.0156896927403
0.0156653347493
0.0156398829637
0.0156131741226
0.0155850087097
0.0155552661414
0.0155235585962
0.0154892863965
0.0154524199803
0.0154118781089
0.0153675848612
0.0153181087974
0.0152623271014
0.0151985971382
0.0151247400928
0.0150377875148
0.0149339656821
0.0148066138032
0.0146460504026
0.0144375234244
0.0141556412784
0.0137427095407
0.013063934484
0.011797645296
0.00952090651481
0.00650448348993
0.00394618669713
0.00241535004643
0.00166811773217
0.00137629965245
0.00138672827561
0.00170536928195
0.00249735871052
0.00410314026364
0.00672901350951
0.00970287136758
0.0118406476191
0.0129974222159
0.0136050241637
0.0139661481756
0.0142075674837
0.0143780480997
0.0145034555279
0.0145976677959
0.0146690347058
0.0147239166146
0.0147664942023
0.0147992767671
0.0148243448416
0.014843393238
0.0148570874496
0.0148662653551
0.0148720388604
0.0148756227208
0.0148780285153
0.0148797273077
0.0148802069203
0.0148788427238
0.0148758506065
0.0148714578736
0.0148659403159
0.0148596135552
0.0148526276249
0.0148450319149
0.0148368843259
0.0148282385611
0.0148192059212
0.0148098251616
0.0148001205961
0.0147901347711
0.0147798920004
0.0147694075174
0.0147586560287
0.0147477600226
0.0147367038426
0.0147254763466
0.0147140950272
0.0147025901114
0.0146909840557
0.014679256972
0.0146674312578
0.0146555108009
0.0146435332209
0.014631455807
0.0146193097065
0.0146071279463
0.014594857685
0.0145825500429
0.01457019016
0.0145577950191
0.014545370565
0.0145328807343
0.0145203651972
0.0145078123019
0.0144952683854
0.0144826479917
0.0144700350114
0.0144574012884
0.014444732446
0.0144320847172
0.0144193686715
0.0144066715141
0.0143939597326
0.0143812228747
0.0143684965561
0.0143557345121
0.0143429823693
0.0143302222141
0.0143174518056
0.0143046910536
0.0142918993881
0.0142791151503
0.0142663408539
0.0142535520497
0.014240755199
0.0142279711751
0.0142151825109
0.0142023847414
0.0141895949826
0.0141768047073
0.0141640014636
0.0141512096868
0.0141383979812
0.0141255521711
0.0141125416086
0.0140990094212
0.0140842284051
0.0140674033306
0.0140488847563
0.014031052888
0.0140170904492
0.0140078772389
0.014000991924
0.0139933507507
0.013983579288
0.0139721185033
0.0139598462524
0.0139472765571
0.0139346340207
0.0139219758889
0.0139093083874
0.0138966525534
0.0138840019235
0.0138713494927
0.0138587066052
0.0138460714622
0.0138334384821
0.0138208171363
0.0138082057555
0.0137956044342
0.0137830024704
0.0137704116714
0.0137578325125
0.0137452607645
0.0137326932957
0.0137201374001
0.0137075934984
0.0136950487972
0.0136825156479
0.0136699940399
0.0136574839627
0.0136449864794
0.0136324893288
0.0136200036862
0.0136075292873
0.0135950598005
0.0135825997846
0.0135701512423
0.0135577141631
0.0135452814244
0.0135328597148
0.0135204494433
0.0135080494225
0.0134956533131
0.0134832686183
0.0134708953274
0.0134585298858
0.0134461689539
0.0134338194039
0.0134214812256
0.013409149866
0.0133968262613
0.0133845140042
0.0133722130842
0.0133599172275
0.0133476285587
0.0133353512053
0.0133230856815
0.0133108284976
0.013298574336
0.0132863314579
0.013274096792
0.0132618660677
0.0132496435897
0.0132374320711
0.0132252317681
0.0132130304142
0.0132008411277
0.0131886595358
0.0131764752991
0.0131643033038
0.0131521369987
0.0131399738223
0.0131278212635
0.0131156617851
0.013103514693
0.0130913728482
0.0130792242186
0.0130670866399
0.0130549426993
0.0130428033933
0.0130306566011
0.0130185122526
0.0130063600738
0.0129942005189
0.0129820357658
0.0129698540522
0.012957659758
0.0129454542571
0.0129332260012
0.0129209644136
0.0129086756566
0.0128963458884
0.0128839705575
0.0128715404383
0.012859048468
0.0128464667569
0.0128337776901
0.0128209666908
0.0128079863098
0.0127948113072
0.0127813889106
0.0127676344286
0.0127534506642
0.012738703303
0.012723198364
0.0127065716609
0.0126884005075
0.012667838892
0.0126432938137
0.0126110023731
0.0125577983957
0.0124292254723
0.012040242034
0.0110179446102
0.00921540250513
0.00728974186947
0.00602851789004
0.00568345235143
0.00626661622294
0.00774043475998
0.00970732412355
0.0113005655314
0.0120817731017
0.0123417278667
0.0124140196086
0.0124349374955
0.0124408925156
0.012440619329
0.0124370437972
0.0124313722802
0.0124243400357
0.0124163118371
0.0124076004788
0.0123983874232
0.0123887803375
0.0123788603433
0.0123687289119
0.0123584013826
0.0123479411237
0.0123373595596
0.0123266755095
0.0123159143571
0.012305079701
0.0122941535784
0.0122830982971
0.0122718181753
0.0122603486775
0.0122488880997
0.0122377018181
0.0122268061495
0.0122157247186
0.0122031726267
0.0121862856502
0.0121606165779
0.0121248223046
0.0120882675408
0.0120678365982
0.0120709729779
0.0120867388997
0.0120985465778
0.012099853214
0.012093504367
0.0120838477615
0.0120731988582
0.0120623064169
0.0120513426245
0.0120403608489
0.0120293714876
0.0120183718711
0.0120073754081
0.0119963813155
0.011985386176
0.0119744011612
0.0119634203223
0.011952444161
0.0119414750354
0.0119305125693
0.0119195584621
0.0119086096144
0.0118976682973
0.011886737055
0.0118758078088
0.0118648901323
0.0118539825088
0.0118430811631
0.011832185623
0.0118213001154
0.0118104219503
0.0117995496374
0.0117886873357
0.0117778350359
0.0117669927289
0.0117561581226
0.011745327657
0.011734507164
0.0117236966345
0.011712890501
0.0117020928409
0.0116913045433
0.0116805227409
0.0116697453948
0.0116589779724
0.0116482184239
0.0116374608661
0.0116267121578
0.0116159687469
0.0116052258187
0.0115944909424
0.011583752747
0.0115730133586
0.0115622734186
0.0115515243952
0.0115407630354
0.0115299820142
0.0115191689185
0.0115082991341
0.0114973499004
0.0114862514346
0.0114748520353
0.0114625250569
0.0114464439204
0.0114155331503
0.0113412274732
0.0111874858502
0.0109693533946
0.0107947211674
0.0107841151144
0.0109376925515
0.0111353291165
0.0112680210236
0.0113211022422
0.011330792096
0.0113257428846
0.0113169714051
0.011307311456
0.0112973370029
0.0112872267088
0.0112770233136
0.0112667757217
0.0112564928623
0.0112461881974
0.0112358724837
0.0112255490753
0.0112152203646
0.0112048924648
0.0111945621912
0.011184235673
0.0111739094484
0.0111635881738
0.0111532753391
0.0111429616501
0.0111326574584
0.0111223563292
0.011112058978
0.0111017711092
0.0110914892532
0.0110812097329
0.0110709396788
0.0110606732766
0.0110504098071
0.0110401557892
0.0110298981941
0.0110196467256
0.0110093977599
0.0109991378784
0.0109888511454
0.0109784201785
0.0109674009459
0.0109543513759
0.0109368223487
0.0109141659964
0.010891928818
0.0108792416215
0.0108784150558
0.0108816160953
0.0108810052185
0.0108751353395
0.0108663387844
0.0108565519759
0.0108465253297
0.0108364437933
0.0108263430653
0.0108162473885
0.0108061376123
0.0107960371609
0.0107859406201
0.0107758365197
0.0107657417287
0.0107556471763
0.010745551434
0.0107354652798
0.0107253714783
0.0107152819048
0.0107052016302
0.0106951107833
0.0106850243052
0.0106749473899
0.01066485391
0.0106547673683
0.0106446889156
0.0106345903372
0.010624501074
0.0106144156511
0.0106043130114
0.0105942196945
0.01058410539
0.0105739969333
0.0105638755945
0.0105537505318
0.0105436203888
0.0105334706062
0.0105233254616
0.0105131472238
0.0105029799012
0.0104927757434
0.0104825723851
0.0104723336096
0.0104620935074
0.0104518059259
0.0104415197679
0.0104311693438
0.0104207877251
0.0104102788638
0.0103993551467
0.0103870817614
0.0103719876225
0.0103540743992
0.0103372808181
0.0103267529646
0.010322433904
0.0103190519133
0.0103127146256
0.0103035864239
0.0102930770251
0.0102821275237
0.0102709738913
0.0102596815534
0.0102482485176
0.0102366680324
0.0102249622552
0.0102130059029
0.0102009127474
0.0101885689203
0.010175971818
0.0101630887733
0.0101498937738
0.0101362822046
0.0101222758056
0.0101078526969
0.0100928687816
