4939.05934356
4934.60918976
4930.16313751
4925.72118304
4921.28332256
4916.84955233
4912.41986857
4907.99426753
4903.57274545
4899.10610866
4894.62981853
4890.15765062
4885.68960116
4881.22566635
4876.7658424
4872.31012552
4867.85851194
4863.41099788
4858.96757955
4854.5282532
4850.09301506
4845.66186135
4841.23478832
4836.81179222
4832.39286928
4827.97801577
4823.56722792
4819.16050201
4814.75783429
4810.35922102
4805.96465847
4801.57414291
4797.18767061
4792.80523786
4788.42684093
4784.05247611
4779.68213969
4775.31582795
4770.95353719
4766.59526371
4762.24100382
4757.8907538
4753.54450999
4749.20226867
4744.86402618
4740.52977883
4736.19952293
4731.87325482
4727.55097083
4723.23266728
4718.91834052
4714.60798687
4710.30160268
4705.99918431
4701.70063204
4697.4054884
4693.1143002
4688.8270638
4684.54377556
4680.26443184
4675.98902901
4671.71756345
4667.450031
4663.18642808
4658.92675157
4654.67099783
4650.41916328
4646.17124428
4641.92723725
4637.68713858
4633.45088541
4629.21853013
4624.99007247
4620.76550886
4616.54483571
4612.32804943
4608.11514644
4603.90612318
4599.70097607
4595.49970154
4591.30229602
4587.10875596
4582.91907779
4578.73325795
4574.55129291
4570.3731791
4566.19891299
4562.02849102
4557.86190966
4553.69916538
4549.54025464
4545.38517391
4541.23391967
4537.08648839
4532.94287656
4528.80308065
4524.66709715
4520.53492256
4516.40655336
4512.28198606
4508.16121716
4504.04424314
4499.93106053
4495.82166584
4491.71605556
4487.61422623
4483.51617436
4479.42189646
4475.33138908
4471.24464873
4467.16167194
4463.08245526
4459.00699522
4454.93528837
4450.86733123
4446.80312038
4442.74265234
4438.68592369
4434.63293098
4430.58367076
4426.5381396
4422.49633407
4418.45825073
4414.42388617
4410.39323696
4406.36629967
4402.34307089
4398.3235472
4394.3077252
4390.29560147
4386.28717262
4382.28243523
4378.28138591
4374.28402127
4370.29033791
4366.30033245
4362.31400149
4358.33134165
4354.35234956
4350.37702184
4346.40535512
4342.43734601
4338.47299116
4334.51228721
4330.55523078
4326.60181853
4322.6520471
4318.70591313
4314.76341327
4310.82454419
4306.88930254
4302.95768498
4299.02968817
4295.10530877
4291.18454347
4287.26738892
4283.35384182
4279.44389883
4275.53755663
4271.63481192
4267.73566138
4263.83955575
4259.94680617
4256.05764154
4252.17205855
4248.2900539
4244.41162431
4240.53676648
4236.66547329
4232.79769295
4228.93347457
4225.07281486
4221.21571055
4217.36215836
4213.51215503
4209.66569729
4205.82278187
4201.98340551
4198.14756495
4194.31525695
4190.48647824
4186.66122557
4182.83949571
4179.02128541
4175.20659142
4171.39541051
4167.58773945
4163.783575
4159.98291394
4156.18575303
4152.39208907
4148.60191883
4144.81523908
4141.03204663
4137.25233825
4133.47611074
4129.7033609
4125.93408553
4122.16828142
4118.40594537
4114.64707421
4110.89166473
4107.13971375
4103.39121809
4099.64617456
4095.90457999
4092.1664312
4088.43172501
4084.70045827
4080.9726278
4077.24823044
4073.52726303
4069.8097224
4066.09560542
4062.38490892
4058.67762975
4054.97376477
4051.27331084
4047.57626481
4043.88262355
4040.19238392
4036.5055428
4032.82209704
4029.14204354
4025.46537916
4021.79210078
4018.12220528
4014.45568956
4010.7925505
4007.13278499
4003.47638993
3999.82336221
3996.17369873
3992.5273964
3988.88445212
3985.2448628
3981.60862535
3977.97573668
3974.34619372
3970.71999338
3967.09713258
3963.47760825
3959.86141732
3956.24855673
3952.63902339
3949.03281425
3945.42992626
3941.83035634
3938.23410146
3934.64115855
3931.05152456
3927.46519646
3923.88217119
3920.30244572
3916.72601701
3913.15288202
3909.58303772
3906.01648108
3902.45320908
3898.89321869
3895.33650688
3891.78307065
3888.23290697
3884.68601284
3881.14238524
3877.60202116
3874.06491761
3870.53088863
3866.99954183
3863.47144723
3859.94660182
3856.42500262
3852.90664665
3849.3915309
3845.87965241
3842.37097464
3838.86550759
3835.36326891
3831.86425561
3828.36846474
3824.87589333
3821.38653842
3817.90039703
3814.41746623
3810.93774304
3807.46122451
3803.9879077
3800.51778966
3797.05086744
3793.5871381
3790.1265987
3786.66924631
3783.21507799
3779.7640908
3776.31628183
3772.87164814
3769.43018681
3765.99189492
3762.55676956
3759.1248078
3755.69600674
3752.27036346
3748.84787506
3745.42853864
3742.01235128
3738.5993101
3735.1894122
3731.78265468
3728.37903465
3724.97854922
3721.58119551
3718.18697063
3714.79587171
3711.40789586
3708.02304022
3704.6413019
3701.26267804
3697.88716577
3694.51476223
3691.14546455
3687.77926988
3684.41617535
3681.05617813
3677.69927534
3674.34546415
3670.9947417
3667.64710516
3664.30255168
3660.96107843
3657.62268257
3654.28736127
3650.95511169
3647.625931
3644.2998164
3640.97676504
3637.65677411
3634.33984079
3631.02596227
3627.71513574
3624.40735838
3621.1026274
3617.80093997
3614.50229331
3611.20668461
3607.91411108
3604.62456991
3601.33805833
3598.05457354
3594.77411276
3591.49667319
3588.22225207
3584.9508466
3581.68245402
3578.41707155
3575.15469642
3571.89532586
3568.6389571
3565.38558739
3562.13521396
3558.88783405
3555.6434449
3552.40204377
3549.1636279
3545.92819454
3542.69574096
3539.46626439
3536.23976212
3533.01623138
3529.79566946
3526.57807362
3523.36344112
3520.15176924
3516.94305526
3513.73729645
3510.53424681
3507.33408477
3504.13687001
3500.94259983
3497.75127151
3494.56288234
3491.37742962
3488.19491064
3485.01532271
3481.83866312
3478.66492919
3475.49411821
3472.32622749
3469.16125435
3465.99919611
3462.84002022
3459.6837328
3456.53035227
3453.37987595
3450.23230118
3447.08762528
3443.94584559
3440.80695943
3437.67096415
3434.53785708
3431.40763556
3428.28029694
3425.15583856
3422.03425778
3418.91555193
3415.79971839
3412.68675449
3409.5766576
3406.46942509
3403.36505431
3400.26354262
3397.16488741
3394.06908603
3390.97613586
3387.88603428
3384.79877866
3381.71436639
3378.63279483
3375.55406139
3372.47816345
3369.4050984
3366.33486362
3363.26745652
3360.20287449
3357.14111493
3354.08217524
3351.02605282
3347.97274509
3344.92224945
3341.87456331
3338.82968409
3335.7876092
3332.74833606
3329.7118621
3326.67818472
3323.64730137
3320.61920946
3317.59390643
3314.57138972
3311.55165674
3308.53470495
3305.52053179
3302.50913468
3299.50051109
3296.49465845
3293.49157422
3290.49125584
3287.49370078
3284.49890648
3281.5068704
3278.51759002
3275.53106278
3272.54728615
3269.56625761
3266.58797462
3263.61243465
3260.63963518
3257.6695737
3254.70224766
3251.73765457
3248.7757919
3245.81665713
3242.86024777
3239.90656129
3236.9555952
3234.00734698
3231.06181414
3228.11899418
3225.17888459
3222.24148289
3219.30678658
3216.37479317
3213.44550017
3210.5189051
3207.59500548
3204.67379881
3201.75528262
3198.83945444
3195.9263118
3193.01585221
3190.10807321
3187.20279451
3184.29984221
3181.39956356
3178.50195611
3175.6070174
3172.71474496
3169.82513635
3166.93818912
3164.0539008
3161.17226897
3158.29329116
3155.41696494
3152.54328787
3149.6722575
3146.8038714
3143.93812132
3141.07497081
3138.21445732
3135.35657841
3132.50133167
3129.64871466
3126.79872497
3123.95136018
3121.10661721
3118.26449363
3115.42498772
3112.58809706
3109.75381923
3106.92215184
3104.09309249
3101.26663877
3098.44278828
3095.62153862
3092.80288741
3089.98683226
3087.17337076
3084.36250053
3081.5542192
3078.74852436
3075.94541366
3073.14488469
3070.3469351
3067.5515625
3064.75876452
3061.96853879
3059.18088294
3056.39579462
3053.61327144
3050.83331106
3048.05591112
3045.28106925
3042.5087831
3039.73905033
3036.97186857
3034.20723548
3031.44514872
3028.68560593
3025.92860479
3023.17414294
3020.42221806
3017.6728278
3014.92596983
3012.18164183
3009.43984146
3006.70056639
3003.96381431
3001.22958288
2998.49786979
2995.76867273
2993.04198936
2990.31781739
2987.5961545
2984.87699837
2982.16034671
2979.4461972
2976.73454754
2974.02539543
2971.31873858
2968.61457468
2965.91290144
2963.21371657
2960.51701777
2957.82280276
2955.13106926
2952.44181497
2949.75503762
2947.07073492
2944.3889046
2941.70954439
2939.03265199
2936.35822516
2933.68626161
2931.01675908
2928.34971531
2925.68512802
2923.02299496
2920.36331387
2917.7060825
2915.05129858
2912.39895986
2909.7490641
2907.10160905
2904.45659245
2901.81401207
2899.17386565
2896.53615097
2893.90086578
2891.26770549
2888.63693211
2886.00858182
2883.38265238
2880.75914157
2878.13804716
2875.51936694
2872.90309866
2870.28924012
2867.6777891
2865.06874338
2862.46210075
2859.85785899
2857.25601589
2854.65656925
2852.05951686
2849.46485652
2846.87258602
2844.28270317
2841.69520577
2839.11009161
2836.52735852
2833.94700265
2831.36898865
2828.79334917
2826.22008202
2823.64918503
2821.080656
2818.51449276
2815.95069313
2813.38925484
2810.83017568
2808.27345362
2805.71908648
2803.16707209
2800.61740829
2798.07009291
2795.52512379
2792.98249878
2790.44221571
2787.90427242
2785.36866678
2782.83539661
2780.30445978
2777.77585413
2775.24957748
2772.72562761
2770.20400249
2767.68469999
2765.16771796
2762.65305427
2760.14070679
2757.63067338
2755.12295191
2752.61754026
2750.1144363
2747.6136379
2745.11514295
2742.61894931
2740.12505488
2737.63345754
2735.14415518
2732.65714567
2730.17242691
2727.6899968
2725.20985321
2722.73199406
2720.25641724
2717.78312064
2715.31210217
2712.84335973
2710.37689123
2707.91269456
2705.45076765
2702.9911084
2700.53371473
2698.07858454
2695.62571576
2693.17510631
2690.72675409
2688.28065705
2685.83681309
2683.39522015
2680.95587616
2678.51877904
2676.08392673
2673.65131716
2671.22094826
2668.79281797
2666.36692424
2663.94326501
2661.52183821
2659.10264179
2656.6856737
2654.27093189
2651.85841121
2649.44807941
2647.03996777
2644.63407426
2642.23039683
2639.82893345
2637.42968207
2635.03264065
2632.63780717
2630.2451796
2627.85475589
2625.46641605
2623.08011874
2620.69601946
2618.31411619
2615.93440691
2613.55688959
2611.18156223
2608.8084228
2606.43746928
2604.06869968
2601.70211198
2599.33770416
2596.97547423
2594.61542018
2592.25754001
2589.9018317
2587.54829328
2585.19692273
2582.84771806
2580.50067729
2578.15579841
2575.81307944
2573.47251839
2571.13411327
2568.7978621
2566.4637629
2564.13181369
2561.80201247
2559.47435729
2557.14884617
2554.82547712
2552.50424818
2550.18515738
2547.86820275
2545.55338233
2543.24069415
2540.93013624
2538.62170665
2536.30626894
2533.97832402
2531.6525227
2529.32886301
2527.00734298
2524.68796063
2522.37071401
2520.05560113
2517.74262004
2515.43176877
2513.12304536
2510.81644786
2508.51197431
2506.20962274
2503.90939121
2501.61127777
2499.31528046
2497.02139733
2494.72962645
2492.43996585
2490.15241361
2487.86696778
2485.58362641
2483.30238758
2481.02324935
2478.74620978
2476.47126693
2474.19841889
2471.92766372
2469.65899949
2467.39242427
2465.12793616
2462.86553321
2460.60521352
2458.34697516
2456.09081622
2453.83673478
2451.58472893
2449.33479677
2447.08693637
2444.84114583
2442.59742325
2440.35576673
2438.11617435
2435.87864422
2433.64317445
2431.40976312
2429.17840836
2426.94910825
2424.72186092
2422.49666448
2420.27351702
2418.05241668
2415.83336155
2413.61634977
2411.40135199
2409.18838044
2406.97744663
2404.76854868
2402.56168472
2400.35685287
2398.15405126
2395.95327802
2393.75453129
2391.5578092
2389.36310989
2387.17043148
2384.97977213
2382.79112997
2380.60434628
2378.41957288
2376.23681125
2374.05605954
2371.8773159
2369.70057848
2367.52584543
2365.35311491
2363.18238506
2361.01365406
2358.84692006
2356.68218122
2354.5194357
2352.35868167
2350.19991729
2348.04314074
2345.88835018
2343.73554378
2341.58471972
2339.43587617
2337.28901131
2335.14412331
2333.00121036
2330.86027064
2328.72130233
2326.58430361
2324.44927267
2322.3162077
2320.18510689
2318.05596843
2315.92879052
2313.80357134
2311.6803091
2309.559002
2307.43964822
2305.32224598
2303.20679348
2301.09328892
2298.9817305
2296.87211645
2294.76444496
2292.65871425
2290.55492253
2288.45306801
2286.35314892
2284.25516341
2282.15910968
2280.06498603
2277.97279069
2275.88252187
2273.7941778
2271.70775672
2269.62325685
2267.54067642
2265.46001366
2263.38126681
2261.30443411
2259.22951379
2257.15650409
2255.08540325
2253.01620952
2250.94892113
2248.88353634
2246.82005339
2244.75847053
2242.69878601
2240.64099809
2238.58510501
2236.53110503
2234.47899641
2232.4287774
2230.38044628
2228.33400129
2226.2894407
2224.24676278
2222.2059658
2220.16704801
2218.12999075
2216.09478645
2214.06145621
2212.0299983
2210.00041098
2207.97269255
2205.94684128
2203.92285544
2201.90073332
2199.88047322
2197.8620734
2195.84553216
2193.83084779
2191.81801857
2189.80704281
2187.79791878
2185.7906448
2183.78521915
2181.78164013
2179.77990604
2177.78001518
2175.78196586
2173.78575638
2171.79138505
2169.79885017
2167.80815006
2165.81928301
2163.83224735
2161.84704139
2159.86355025
2157.88178182
2155.90183824
2153.92371782
2151.94741889
2149.97293977
2148.00027879
2146.02943426
2144.06040452
2142.0931879
2140.12778273
2138.16418734
2136.20240006
2134.24241923
2132.28424318
2130.32787025
2128.37329879
2126.42052714
2124.46955363
2122.52037661
2120.57299443
2118.62740543
2116.68360797
2114.74160039
2112.80138105
2110.86294829
2108.92630048
2106.99143597
2105.05835312
2103.12705029
2101.19752584
2099.26977813
2097.34380552
2095.41960638
2093.49717909
2091.576522
2089.65763349
2087.74051192
2085.82515568
2083.91156313
2081.99973266
2080.08966263
2078.18135143
2076.27479745
2074.36999905
2072.46695463
2070.56566257
2068.66612125
2066.76832907
2064.87228441
2062.97798567
2061.08543123
2059.1946195
2057.30555023
2055.4182242
2053.53259444
2051.64869128
2049.76652286
2047.88608757
2046.00738383
2044.13041003
2042.25516459
2040.3816459
2038.5098524
2036.63978247
2034.77143455
2032.90480703
2031.03989834
2029.1767069
2027.31523112
2025.45546942
2023.59742024
2021.74108197
2019.88645307
2018.03353194
2016.18231702
2014.33280673
2012.48499952
2010.6388938
2008.79448801
2006.95178059
2005.11076997
2003.27145459
2001.43383289
1999.59790331
1997.76366429
1995.93111428
1994.10025172
1992.27107505
1990.44358273
1988.6177732
1986.79364492
1984.97119633
1983.15042589
1981.33133205
1979.51391327
1977.69816802
1975.88409473
1974.07169189
1972.26095794
1970.45189136
1968.6444906
1966.83875414
1965.03468044
1963.23226797
1961.4315152
1959.63239883
1957.8346353
1956.03852719
1954.24407296
1952.45127111
1950.6601201
1948.87061842
1947.08276455
1945.29655697
1943.51199416
1941.72907462
1939.94779682
1938.16815926
1936.39016042
1934.6137988
1932.83907289
1931.06598118
1929.29452217
1927.52469436
1925.75649623
1923.9899263
1922.22498307
1920.46166503
1918.69997068
1916.93989854
1915.18144712
1913.42461491
1911.66940042
1909.91580218
1908.16381868
1906.41344845
1904.66468999
1902.91754183
1901.17200247
1899.42807045
1897.68574427
1895.94502247
1894.20590356
1892.46838606
1890.73246851
1888.99814943
1887.26542734
1885.53430078
1883.80476828
1882.07682837
1880.35047959
1878.62572046
1876.90254953
1875.18091918
1873.46087089
1871.74240646
1870.02552442
1868.31022333
1866.59650173
1864.88435815
1863.17379115
1861.46479929
1859.75738109
1858.05153513
1856.34725994
1854.64455409
1852.94341615
1851.2438447
1849.54583826
1847.84939538
1846.15451463
1844.46119455
1842.76943373
1841.07923071
1839.39058407
1837.70349237
1836.01795419
1834.33396809
1832.65153263
1830.97064641
1829.29130798
1827.61351592
1825.93726881
1824.26256523
1822.58940375
1820.91778296
1819.24770144
1817.57915776
1815.91215052
1814.24667829
1812.58273968
1810.92033325
1809.25945761
1807.60011134
1805.94229303
1804.28600128
1802.63123469
1800.97799184
1799.32627133
1797.67607177
1796.02739175
1794.38022988
1792.73458475
1791.09045497
1789.44783915
1787.80673588
1786.16714378
1784.52906146
1782.89248752
1781.25742058
1779.62385924
1777.99180213
1776.36118858
1774.7320395
1773.10439058
1771.47824043
1769.85358769
1768.23043096
1766.60876887
1764.98860005
1763.36992312
1761.75271277
1760.13697002
1758.52271508
1756.90994659
1755.29866317
1753.68886346
1752.08054609
1750.4737097
1748.86835292
1747.26447439
1745.66207276
1744.06114665
1742.46169471
1740.86371559
1739.26720792
1737.67217036
1736.07860155
1734.48650013
1732.89586476
1731.30669409
1729.71898676
1728.13274143
1726.54795676
1724.9646314
1723.382764
1721.80235322
1720.22339773
1718.64589618
1717.06984723
1715.49524954
1713.92210179
1712.35040262
1710.78015072
1709.21134475
1707.64398337
1706.07806526
1704.51358909
1702.95055352
1701.38895724
1699.82879892
1698.27007723
1696.71279085
1695.15693846
1693.60251874
1692.04953044
1690.49797229
1688.94784285
1687.39914081
1685.85186486
1684.30601368
1682.76158597
1681.2185804
1679.67699567
1678.13683047
1676.5980835
1675.06075345
1673.52483901
1671.99033889
1670.45725178
1668.92557645
1667.39531153
1665.86642171
1664.33892486
1662.81283456
1661.28814952
1659.76486846
1658.24299007
1656.72251307
1655.20343617
1653.68575807
1652.16947749
1650.65459315
1649.14110375
1647.62900801
1646.11830466
1644.60899239
1643.10106995
1641.59453604
1640.08938939
1638.58562872
1637.08325275
1635.58226022
1634.08264984
1632.58442034
1631.08757045
1629.59209891
1628.09800443
1626.60528576
1625.11394163
1623.62397077
1622.13537192
1620.64814381
1619.16228518
1617.67779477
1616.19467133
1614.71291358
1613.23252029
1611.75346779
1610.27566202
1608.79921705
1607.32413164
1605.85040452
1604.37803445
1602.90702019
1601.43736047
1599.96905405
1598.50209969
1597.03649615
1595.57224217
1594.10933652
1592.64777796
1591.18756523
1589.72869712
1588.27117237
1586.81496588
1585.3600699
1583.90651363
1582.45429583
1581.00341527
1579.55387073
1578.10566097
1576.65878476
1575.21324087
1573.76902808
1572.32614517
1570.8845909
1569.44436405
1568.00546341
1566.56788775
1565.13163585
1563.69670649
1562.26309845
1560.83081052
1559.39984149
1557.97019013
1556.54185524
1555.1148356
1553.68913
1552.26473723
1550.84165608
1549.41988535
1547.99942383
1546.58027031
1545.16242359
1543.74588246
1542.33064573
1540.91671219
1539.50408064
1538.09274988
1536.68271872
1535.27398602
1533.86655052
1532.46041102
1531.05556635
1529.6520153
1528.24975668
1526.8487893
1525.44911198
1524.05072352
1522.65362274
1521.25780845
1519.86327947
1518.47003462
1517.07807271
1515.68739256
1514.297993
1512.90987283
1511.52301599
1510.13738944
1508.75303882
1507.36996295
1505.98816065
1504.60763077
1503.22837212
1501.85038353
1500.47366384
1499.09821187
1497.72402646
1496.35110645
1494.97945066
1493.60905794
1492.23992711
1490.87205703
1489.50544652
1488.14009443
1486.7759996
1485.41316088
1484.0515771
1482.6912471
1481.33216975
1479.97434387
1478.61776833
1477.26244196
1475.90836362
1474.55553216
1473.20394643
1471.85360529
1470.50450758
1469.15665217
1467.8100379
1466.46466364
1465.12052825
1463.77763058
1462.43596949
1461.095423
1459.75606119
1458.41793271
1457.08103642
1455.74537118
1454.41093587
1453.07772934
1451.74575048
1450.41499814
1449.08543241
1447.75706694
1446.42992466
1445.10400446
1443.77930521
1442.45582578
1441.13356506
1439.81252191
1438.49269522
1437.17408387
1435.85668673
1434.5405027
1433.22553065
1431.91176963
1430.59921838
1429.28787577
1427.97774068
1426.66881201
1425.36108864
1424.05456947
1422.74925338
1421.44513927
1420.14222603
1418.84051255
1417.53999773
1416.24068047
1414.94255967
1413.64563421
1412.34990301
1411.05536483
1409.76201864
1408.4698634
1407.17889802
1405.88912141
1404.60053247
1403.3131301
1402.02691321
1400.74188072
1399.4579923
1398.17525674
1396.89370236
1395.61332808
1394.33413281
1393.05611546
1391.77927495
1390.50361021
1389.22912013
1387.95580365
1386.68365968
1385.41268714
1384.14288496
1382.87425205
1381.60678734
1380.34048976
1379.07535822
1377.81139166
1376.54858901
1375.28694918
1374.02647112
1372.76715375
1371.508996
1370.2519968
1368.9961551
1367.74146981
1366.48793988
1365.23556425
1363.98434184
1362.73427161
1361.48535248
1360.2375834
1358.99096332
1357.74549116
1356.50116587
1355.25798641
1354.01595171
1352.77506071
1351.53526874
1350.29658682
1349.05904552
1347.82264379
1346.58738058
1345.35325478
1344.12026532
1342.88841124
1341.65769149
1340.42810503
1339.19965082
1337.97232782
1336.74613497
1335.52107125
1334.29713561
1333.07432701
1331.85264442
1330.63208679
1329.4126531
1328.19434231
1326.97715338
1325.76104993
1324.54596279
1323.33199454
1322.11914416
1320.90741061
1319.69679286
1318.48728989
1317.27890068
1316.07162419
1314.8654461
1313.66031112
1312.45628586
1311.25336932
1310.05156046
1308.85085826
1307.65126172
1306.4527698
1305.25538149
1304.05909578
1302.86391165
1301.66982809
1300.47684408
1299.28495861
1298.09417067
1296.90447925
1295.71588334
1294.52838192
1293.341974
1292.15665857
1290.97243462
1289.78930114
1288.60725713
1287.42630159
1286.24643351
1285.0676519
1283.88995575
1282.71334407
1281.53781585
1280.3633701
1279.19000582
1278.01764635
1276.84634097
1275.67611417
1274.50696495
1273.33889233
1272.17189562
1271.00597376
1269.84112551
1268.6773499
1267.51464593
1266.35301262
1265.19244899
1264.03295404
1262.87452679
1261.71716627
1260.56087148
1259.40564145
1258.2514752
1257.09837175
1255.94633011
1254.79534932
1253.64542839
1252.49656634
1251.34876222
1250.20201503
1249.0563238
1247.91168758
1246.76810537
1245.62557621
1244.48409914
1243.3436348
1242.20414357
1241.06570163
1239.928308
1238.79196173
1237.65666184
1236.52240737
1235.38919737
1234.25703087
1233.1259069
1231.99582452
1230.86678276
1229.73878065
1228.61181725
1227.48589127
1226.36100184
1225.23714825
1224.11432955
1222.99254478
1221.87179298
1220.75207322
1219.63338454
1218.51572598
1217.39903813
1216.28331863
1215.16862653
1214.05496088
1212.94232073
1211.83070509
1210.72011298
1209.61054354
1208.50199583
1207.39446892
1206.28796185
1205.18247369
1204.07800351
1202.97455036
1201.87202026
1200.77043533
1199.66974893
1198.57007607
1197.47141583
1196.37376727
1195.27712946
1194.18150147
1193.08688237
1191.99327123
1190.90066712
1189.80906911
1188.71847629
1187.62888771
1186.54030247
1185.45271963
1184.36611505
1183.28023837
1182.19536159
1181.1114838
1180.02860407
1178.9467215
1177.86583514
1176.7859441
1175.70704746
1174.62914429
1173.55223369
1172.47604726
1171.40062654
1170.32619609
1169.252755
1168.18030235
1167.10883725
1166.03794427
1164.967812
1163.89866511
1162.82989959
1161.76187143
1160.69482672
1159.6276129
1158.56130746
1157.49450997
1156.42849849
1155.36183794
1154.29485358
1153.22748436
1152.15869522
1151.08872656
1150.01744858
1148.94473028
1147.86963062
1146.79234227
1145.71345673
1144.63256116
1143.54991735
1142.46629024
1141.38253946
1140.2991388
1139.21673758
1138.13773586
1137.06076466
1135.98948686
1134.9245329
1133.86626228
1132.81564753
1131.77254066
1130.73780777
1129.71198955
1128.69363026
1127.68208693
1126.67646725
1125.67601762
1124.67906146
1123.68448494
1122.69136087
1121.69915435
1120.7067717
1119.71336984
1118.7175252
1117.72026876
1116.72076277
1115.71911522
1114.71546152
1113.70968141
1112.70309752
1111.69428418
1110.68485835
1109.67494788
1108.66386997
1107.65335942
1106.64205551
1105.63168294
1104.62098137
1103.61093418
1102.60177165
1101.59280378
1100.58436454
1099.57666558
1098.56989456
1097.56405063
1096.558828
1095.55428744
1094.5506719
1093.54798054
1092.5462125
1091.54521078
1090.5448388
1089.54535203
1088.54678563
1087.54913874
1086.55241052
1085.55660012
1084.56170723
1083.56773139
1082.57467084
1081.58252473
1080.59129222
1079.6006353
1078.61088331
1077.62204271
1076.63411267
1075.64709234
1074.66098089
1073.67577748
1072.69148128
1071.70809144
1070.72560714
1069.74402754
1068.7633518
1067.78357911
1066.80470861
1065.82673949
1064.84946062
1063.87301883
1062.89747618
1061.92283183
1060.94908496
1059.97623474
1059.00428035
1058.03322096
1057.06305575
1056.09378389
1055.12540456
1054.15791635
1053.191319
1052.22561172
1051.26079369
1050.29671747
1049.33341533
1048.37100022
1047.40947132
1046.44882782
1045.48906891
1044.53019376
1043.57220156
1042.61509151
1041.65886278
1040.70351458
1039.7490461
1038.79545653
1037.84274506
1036.89091086
1035.9398532
1034.98948957
1034.04000106
1033.09138675
1032.14364518
1031.19677632
1030.25077934
1029.30565347
1028.36139788
1027.41801178
1026.47549437
1025.53384485
1024.59306242
1023.65314628
1022.71409563
1021.77586192
1020.83821616
1019.90143379
1018.96551404
1018.03045609
1017.09625915
1016.16292244
1015.23044516
1014.29882652
1013.36806573
1012.438162
1011.50911442
1010.58092209
1009.65358446
1008.72710073
1007.80147013
1006.87638421
1005.95213047
1005.0287278
1004.10617541
1003.18447251
1002.26361834
1001.34361209
1000.424453
999.506140275
998.588673148
997.672050836
996.756105971
995.84084721
994.926431228
994.012857247
993.100124493
992.18823219
991.277179566
990.366964327
989.457588232
988.549008307
987.641260078
986.734310585
985.827863036
984.922250148
984.017471153
983.113525281
982.210411768
981.308129845
980.406678747
979.506057709
978.606265967
977.707302757
976.809167609
975.911555927
975.014641013
974.118551978
973.223288064
972.328848508
971.435232554
970.542439442
969.650468414
968.759318714
967.868989585
966.979480272
966.090629618
965.202252281
964.314692961
963.427950834
962.542024436
961.656913796
960.772618164
959.889136789
959.006468921
958.124613812
957.243570713
956.363340943
955.483410143
954.604225613
953.725850633
952.848284455
951.971526336
951.095575532
950.220431298
949.346094254
948.472562492
947.599835075
946.727911261
945.856463775
944.985462
944.11526224
943.245863754
942.377265805
941.509467655
940.64246857
939.776267812
938.910864646
938.046258339
937.182448156
936.319383222
935.456166802
934.58867996
933.721991976
932.856102112
931.991009636
931.126713812
930.263213907
929.400212149
928.537692023
927.675966197
926.815033942
925.954894526
925.095547219
924.236991293
923.379224657
922.521650591
921.664778228
920.808694987
919.953400142
919.098892968
918.245172739
917.39223873
916.539881776
915.687739676
914.83638237
913.985808923
913.136015291
912.287004291
911.438775203
910.591329082
909.74407413
908.897297277
908.051300313
907.206082521
906.361643182
905.51798158
904.675096999
903.832938999
902.990593146
902.149023147
901.308228286
900.468207851
899.628961129
898.790487407
897.952785973
897.115311723
896.277965781
895.441401559
894.605607736
893.770583217
892.936327869
892.102840983
891.270117875
890.436972264
889.604388327
888.77257139
887.941520746
887.111235691
886.28171552
885.452959529
884.624636901
883.796011124
882.968148788
882.141049192
881.314711633
880.48913541
879.663579581
878.838130226
878.013474616
877.189578885
876.366442336
875.544064269
874.721102475
873.898684821
873.077025104
872.256128871
871.435992916
870.616373342
869.795970556
868.976324
868.157432979
867.339296798
866.52189265
865.704359552
864.886464108
864.069322775
863.252934859
862.437299667
861.622416506
860.80655777
859.990845704
859.175881809
858.361669569
857.548208294
856.735430571
855.920762943
855.10684701
854.293682083
853.481317287
852.669660747
851.857698507
851.044404422
850.231861179
849.420068086
848.609024456
847.798724641
846.987282232
846.175470054
845.364407795
844.554099904
843.742296504
842.930750788
842.119969912
841.309874352
840.497532994
839.685943012
838.875103719
838.064175638
837.251423693
836.439424155
835.628176334
834.816060479
834.002490189
833.189637042
832.377537209
831.563543567
830.748602806
829.934418278
829.120957491
828.304236801
827.487367504
826.671257472
825.855770231
825.035464069
824.215916396
823.397129653
822.577726234
821.753863031
820.930767995
820.108441476
819.283892434
818.455488891
817.627922603
816.801131708
815.970572974
815.137821306
814.305784601
813.468870443
812.631081717
811.794007706
810.950169075
810.106408814
809.262989795
808.411375289
807.560542464
806.708375937
805.848439951
804.989360826
804.126909714
803.257364508
802.388695713
801.513628607
800.632638914
799.752517593
798.862593512
797.968027213
797.074396756
796.166756667
795.25606193
794.346271938
793.420839872
792.49471133
791.553710899
790.611386994
789.654412716
788.693825387
787.718955621
786.737408882
785.743194519
784.73333183
783.713301526
782.68876103
781.640367849
780.57739266
779.503416659
778.401398396
777.287276977
776.151280174
774.987919512
773.810290643
772.594746652
771.35780162
770.090974964
768.79007522
767.445185134
766.062671212
764.641006679
763.177491078
761.644913878
760.057167818
758.410787804
756.700750663
754.905199423
753.022184784
751.04144687
748.950441085
746.731769598
744.372172803
741.851165782
739.1457744
736.227243481
733.070658901
729.602955257
725.806319902
721.614098916
716.880776357
711.546135483
705.419980216
698.308560985
689.934198017
679.973099006
668.003443234
653.572453435
636.09252654
615.158162125
590.42279102
561.482925394
528.818740493
493.01811092
454.90422331
416.011778935
377.505802423
341.078425284
307.312841366
277.337617558
251.097084787
229.017643359
210.536645737
195.828775558
184.32395811
176.070146491
170.645511637
168.015903432
167.968120841
170.738321058
176.291769565
184.671190966
196.25900997
211.062648151
229.650485803
251.902068167
278.203059963
308.249918781
341.872532466
378.074446525
415.703537964
453.405470309
489.913676936
523.893397419
554.273298883
580.667464254
602.995678581
621.292402883
636.254471073
648.294178181
658.02023839
665.884831791
672.259285849
677.462528474
681.740160719
685.333147743
688.33776971
690.897637425
693.044903679
694.886219803
696.460700937
697.812617667
698.96475244
699.948707577
700.782517653
701.484923497
702.072509843
702.554898482
702.944106834
703.253798759
703.491459993
703.664827867
703.778539836
703.832133769
703.852496677
703.820215329
703.74471437
703.633766555
703.487006197
703.314300958
703.108506142
702.887250717
702.627438031
702.359058646
702.058071901
701.746305924
701.413346979
701.064397921
700.703453512
700.32313996
699.936943312
699.529933993
699.117618394
698.691601148
698.256758732
697.813834552
697.35948711
696.90152077
696.430143783
695.955601596
695.471921551
694.984071126
694.488943961
693.988987922
693.483564275
692.973009007
692.458418096
691.937114264
691.412332702
690.888106003
690.35496841
689.819907739
689.285259279
688.741608997
688.197814285
687.653700758
687.102046922
686.550976526
685.998540279
685.440710387
684.883446836
684.323955067
683.7608654
683.198307374
682.633017299
682.065451067
681.498418365
680.928242927
680.356990486
679.786275984
679.211964802
678.637548898
678.063669583
677.486070228
676.909031321
676.332038744
675.752893483
675.173479031
674.591895955
674.010915561
673.430474924
672.84878577
672.265362226
671.68247978
671.10013199
670.516129134
669.931489035
669.347399679
668.763180205
668.177327847
667.592033542
667.007232554
666.420843316
665.83459313
665.248885174
664.662746615
664.075858167
663.489523244
662.903610643
662.316325906
661.729597294
661.143410557
660.556041772
659.969022572
659.38254526
658.794849919
658.207166534
657.620025373
657.03342089
656.44524904
655.857164276
655.269621834
654.682481538
654.094336607
653.506753312
652.919711723
652.333211341
651.747250652
651.161822391
650.576933854
649.992584542
649.408847561
648.826497451
648.244690859
647.663420634
647.082686378
646.502487614
645.922698614
645.342393136
644.762622649
644.182910679
643.602833327
643.023297367
642.443618378
641.863634503
641.284185091
640.705269651
640.126907198
639.547823387
638.969220973
638.391151665
637.813616946
637.236437877
636.658954255
636.082002648
635.505582565
634.929689831
634.354320929
633.779091348
633.203900031
632.629238569
632.055106475
631.481503261
630.908416774
630.335295651
629.762509687
629.190249975
628.618511522
628.047299708
627.476580455
626.905755789
626.33545689
625.765683273
625.196434454
624.627695208
624.059278735
623.491003462
622.923251584
622.356022617
621.789316082
621.223131496
620.657113659
620.091444749
619.526297279
618.961670303
618.397563343
617.833975918
617.270471589
616.707455573
616.144958072
615.582978608
615.021516932
614.460482646
613.899645459
613.339324767
612.779520096
612.220223668
611.661433677
611.102961997
610.544842529
609.987237043
609.430145066
608.873566124
608.317502874
607.761676185
607.206300831
606.651436923
606.09705177
605.543157646
604.98973118
604.436511213
603.883800696
603.331599161
602.779906139
602.228721965
601.678048198
601.127881538
600.578038631
600.028532257
599.479531905
598.93103711
598.383047408
597.835562332
597.288581418
596.742104202
596.195851634
595.65007666
595.104812585
594.560050621
594.015790135
593.472017974
592.928746549
592.385893919
591.843360587
591.301326845
590.759792235
590.218756295
589.678218567
589.138178592
588.598635911
588.059425955
587.520644517
586.982359211
586.444569579
585.907275166
585.370475515
584.834170172
584.298337482
583.762812918
583.227781483
582.693242724
582.159196185
581.625641854
581.092580324
580.560009656
580.027835934
579.496058662
578.964771065
578.433972694
577.903663097
577.373841825
576.844508427
576.315662455
575.787164172
575.259136304
574.731586817
574.204523092
573.6779447
573.151851194
572.626242128
572.101073474
571.576282263
571.05197429
570.528149111
570.004806282
569.481945357
568.959565894
568.437667448
567.916161937
567.395096822
566.874511513
566.354405569
565.834778547
565.315630007
564.796959508
564.278756359
563.760918985
563.243558444
562.726674296
562.210266102
561.694334794
561.178884732
560.663909304
560.14935627
559.635221013
559.12155918
558.608370332
558.095654036
557.583409855
557.071637356
556.560336103
556.049401705
555.538923083
555.028914515
554.519375568
554.01030581
553.501704809
552.993572133
552.485907351
551.978710033
551.471981244
550.965721559
550.459870595
549.954415241
549.449406225
548.944862226
548.440782815
547.937167564
547.434016046
546.931327834
546.429102502
545.927339622
545.42603877
544.925192244
544.424701108
543.924670827
543.425100977
542.925991134
542.427340875
541.929149775
541.431417414
540.934143367
540.437327213
539.94096853
539.445066898
538.949558617
538.454476678
537.959850613
537.465680001
536.971964424
536.478703462
535.985896698
535.493543712
535.001644087
534.510197405
534.01920325
533.528639899
533.038465297
532.54874205
532.059469741
531.570647957
531.08227628
530.594354298
530.106881597
529.619857762
529.13328238
528.647155038
528.161475324
527.676180561
527.191314392
526.706892806
526.222917276
525.739387391
525.256303128
524.773665518
524.291472321
523.80972313
523.328417534
522.847555125
522.367099617
521.887041037
521.407424496
520.928249586
520.4495159
519.971223033
519.493370579
519.015958132
518.538985287
518.062451639
517.586356783
517.110696388
516.63540733
516.160555918
515.686141749
515.212164421
514.738623532
514.265518678
513.79284946
513.320583142
512.848708087
512.377267535
511.906261085
511.435688337
510.965548892
510.495842351
510.026568316
509.557644922
509.089138709
508.621063896
508.153420085
507.68620688
507.219423884
506.753027464
506.286978292
505.821358256
505.356166962
504.891404015
504.42705263
503.962961897
503.499298497
503.036062036
502.573252121
502.110685704
501.648505494
501.186750858
500.725185172
500.264024003
499.80309263
499.342430384
498.881929172
498.421516077
497.961143387
497.500592083
497.039724167
496.578146549
496.115148827
495.650133275
495.181979698
494.70903907
494.22988917
493.741770509
493.242521196
492.72962339
492.202011265
491.658057349
491.099640914
490.529915914
489.955579002
489.383405722
488.822012125
488.282771705
487.773552556
487.30002275
486.865546099
486.467718823
486.101917572
485.760960224
485.432925351
485.109403633
484.784134902
484.448440783
484.097123954
483.7309083
483.348732928
482.952764864
482.544320691
482.126874905
481.702388664
481.272704035
480.83960622
480.404322666
479.967520504
479.529871937
479.091775401
478.653558759
478.21522458
477.777104166
477.339033722
476.901219681
476.463669741
476.026451242
475.589459831
475.152859427
474.716479626
474.280501646
473.844925117
473.409647674
472.974718625
472.540190061
472.106061612
471.672221561
471.238762289
470.805702146
470.373040766
469.940777781
469.508901275
469.077356947
468.646209985
468.215460023
467.785082915
467.355062462
466.925437973
466.496209081
466.067375423
465.638936634
465.210892352
464.783242212
464.355943112
463.929022701
463.502495398
463.076360841
462.650618668
462.225268517
461.800310029
461.375735149
460.95151221
460.527679894
460.104237842
459.681185695
459.258523093
458.836249677
458.414365091
457.992842222
457.571683708
457.150912995
456.730529727
456.310533547
455.890924098
455.471701025
455.052863971
454.634347354
454.216213186
453.798464035
453.381099546
452.96409931
452.547406241
452.131087678
451.715126563
451.299512889
450.88416397
450.469197502
450.05443281
449.640000435
449.225668077
448.81142681
448.39705559
447.982362421
447.567045389
447.150711193
446.732744534
446.312696051
445.890127575
445.464536982
445.036043446
444.604816283
444.171788852
443.738685743
443.307062505
442.879241684
442.457303061
442.042947726
441.636586717
441.238503061
440.847941171
440.46275561
440.081238979
439.701136436
439.320496104
438.938233444
438.552946111
438.16470174
437.77348593
437.379636914
436.983790944
436.586463969
436.188101643
435.789116454
435.389832304
434.99051445
434.591257348
434.19211446
433.793265065
433.394647371
432.996396726
432.598424262
432.200756178
431.803454267
431.406518191
431.009898751
430.613602407
430.217670972
429.822104109
429.426901484
429.032062761
428.637587604
428.243429748
427.849625943
427.456184752
427.06310584
426.670388874
426.278033521
425.886039448
425.494401155
425.103102848
424.712164848
424.321586822
423.931368439
423.541509368
423.152009278
422.762867839
422.374070982
421.985623893
421.597534485
421.209802428
420.822427394
420.435409047
420.048747026
419.662441043
419.276490768
418.890895876
418.505656038
418.120770928
417.736240218
417.352063584
416.968240698
416.584763652
416.20162901
415.818847158
415.436417769
415.054340521
414.672615087
414.291241146
413.910218372
413.529546443
413.149225035
412.769253826
412.389632493
412.010360714
411.631438167
411.252864531
410.874635978
410.496742442
410.119196869
409.741998939
409.365148331
408.988644726
408.612487804
408.236677247
407.861212734
407.486093948
407.111318191
406.736876509
406.362779611
405.98902718
405.615618899
405.242554452
404.86983352
404.497455789
404.125420942
403.753728663
403.382378637
403.011370549
402.640704084
402.270374571
401.900378624
401.530723368
401.16140849
400.792433675
400.42379861
400.055502331
399.687545132
399.319926746
398.952642455
398.58569049
398.219076413
397.852799912
397.486860678
397.121258399
396.755992765
396.391063467
396.026470194
395.662212637
395.298290488
394.934703436
394.571451174
394.208533394
393.845949786
393.483700045
393.121783862
392.76020093
392.398950942
392.038033591
391.677448572
391.317195579
390.957274305
390.597675276
390.238401165
389.879457872
389.520845092
389.162562522
388.804609857
388.446986794
388.089693029
387.732728258
387.376092179
387.01978449
386.663804887
386.308153069
385.952828733
385.597831579
385.243161305
384.888817611
384.534800194
384.181108756
383.827743089
383.474703006
383.121988001
382.769597774
382.417519275
382.065761998
381.714328618
381.363218836
381.012432355
380.661968876
380.311828103
379.962009739
379.612513485
379.263339047
378.914486127
378.565954429
378.217743659
377.869853519
377.522283715
377.175033952
376.828103935
376.481493371
376.135201964
375.78922942
375.443575447
375.098239751
374.753222039
374.408507958
374.064110905
373.720030971
373.376267864
373.032821294
372.689690967
372.346876594
372.004377883
371.662194543
371.320326284
370.978772817
370.637533853
370.296609107
369.955998284
369.615701094
369.275717248
368.936030432
368.596650344
368.257582756
367.91882738
367.580383929
367.242252115
366.904428718
366.566903407
366.229688889
365.892784876
365.556191083
365.219907224
364.883933014
364.548268167
364.2129124
363.877865426
363.543127051
363.208697075
362.87457504
362.540760664
362.207253662
361.874053752
361.541160652
361.208574078
360.876293748
360.54431938
360.212649779
359.881285423
359.550226186
359.219466005
358.888999606
358.558837499
358.228979404
357.89942504
357.570174129
357.241226391
356.912581546
356.584239316
356.256199422
355.928461586
355.601025529
355.273890974
354.947057643
354.620525259
354.294293545
353.968362223
353.642731017
353.317399651
352.992367849
352.667635335
352.343201833
352.019067068
351.69522168
351.371667473
351.048411192
350.725452565
350.402791806
350.08042879
349.758362605
349.436592976
349.115119632
348.793942299
348.473060705
348.152474577
347.832183643
347.512187632
347.192486272
346.873073666
346.553944939
346.235110064
345.916568771
345.59832079
345.280365849
344.96270368
344.645334013
344.328256579
344.011471107
343.694977331
343.37877498
343.062864145
342.747244391
342.431915258
342.11687407
341.802109018
341.4876338
341.17344815
340.8595518
340.545944485
340.232625937
339.919595892
339.606854084
339.294400247
338.982233859
338.670354322
338.358761962
338.047456515
337.736437717
337.425705303
337.115243752
336.805067058
336.495175974
336.185570236
335.876248329
335.567210964
335.258458158
334.949989651
334.641803518
334.333896613
334.026273228
333.718933101
333.411875971
333.105101578
332.798609661
332.492385656
332.186438303
331.880772665
331.575388483
331.270285496
330.965463447
330.660922076
330.356661126
330.052680337
329.748979452
329.445558214
329.142416329
328.83955249
328.536967528
328.234661184
327.932620974
327.63084777
327.329352437
327.02813472
326.727194362
326.426531108
326.126144704
325.826034894
325.526201423
325.226644038
324.927362483
324.628356505
324.32962669
324.031172129
323.732992383
323.435077948
323.137418012
322.840032204
322.542921165
322.246083703
321.949519568
321.653228508
321.357210271
321.061464606
320.765991262
320.470789988
320.175860534
319.881201763
319.586813761
319.29269683
318.998847815
318.705245369
318.41191327
318.118851271
317.826059121
317.533536572
317.241283377
316.949299287
316.657584054
316.366137431
316.07495917
315.784049025
315.493385756
315.2029832
314.912848044
314.622980043
314.333378951
314.044044522
313.754976511
313.466174672
313.177638759
312.889368529
312.601363737
312.313615064
312.026106991
311.73886377
311.451887207
311.1651746
310.878724824
310.592538809
310.306616313
310.020957093
309.735560905
309.45042751
309.165556663
308.880916266
308.596533196
308.312411985
308.02855239
307.744954172
307.461617089
307.178540901
306.895725369
306.613170682
306.330876174
306.048841602
305.767045391
305.485486203
305.204186273
304.923145362
304.642363232
304.361839645
304.081574362
303.801567145
303.521816859
303.242323471
302.9630889
302.684109293
302.405338372
302.126824141
301.848566364
301.570564805
301.292813258
301.015298061
300.738038398
300.461033783
300.184282847
299.907786741
299.631545232
299.355520115
299.079728243
298.804190319
298.528906109
298.25387538
297.979097897
297.704573428
297.430301739
297.156282682
296.882515969
296.609001338
296.335724153
296.062654681
295.78983665
295.517269828
295.244953985
294.972888888
294.701074016
294.429508424
294.158155058
293.887036395
293.616167377
293.345547774
293.075177357
292.805055895
292.535183161
292.265556356
291.996118171
291.726928085
291.457985867
291.189291291
290.92084577
290.652647538
290.384696263
290.116962168
289.849436836
289.58215784
289.315124954
289.048337952
288.781796606
288.515500596
288.249449639
287.983570555
287.717925282
287.452524615
287.187368329
286.922456199
286.657788
286.393363507
286.129158805
285.865124547
285.601333734
285.337785821
285.074480583
284.811417797
284.548597467
284.286020212
284.023617297
283.761410897
283.499445938
283.237722199
282.976239456
282.714997489
282.453996074
282.193231957
281.932595309
281.672202451
281.412049367
281.152135834
280.892461632
280.632989597
280.373684031
280.114617537
279.855790885
279.597202564
279.338852356
279.08066403
278.822664633
278.564902807
278.307378335
278.050089898
277.793037437
277.536092801
277.279373844
277.022891283
276.766644899
276.510636712
276.254828584
275.999124104
275.743655561
275.488422265
275.233424
274.978660548
274.724040053
274.469554859
274.215304011
273.961287291
273.707504544
273.453955596
273.200462695
272.947163489
272.694098091
272.441265736
272.18866621
271.936275396
271.68388332
271.431721935
271.179792768
270.928095605
270.67662997
270.42529836
270.174047357
269.923027741
269.6722393
269.421541885
269.170988309
268.920664921
268.670571207
268.420503355
268.170613625
267.920953089
267.671521705
267.422038282
267.17277891
266.923749122
266.674885978
266.425986856
266.177316925
265.928875902
265.680495297
265.432103067
265.183941597
264.936010091
264.688298629
264.440314923
264.192559697
263.94503274
263.697734578
263.450347621
263.203016234
262.95591276
262.70864024
262.461456788
262.214498324
261.967763967
261.720778319
261.473908887
261.227157524
260.980195864
260.733453457
260.486530576
260.239551142
259.992797509
259.745661555
259.498447332
259.251180244
259.003263887
258.754578482
258.50482889
258.25304831
257.998053397
257.738944733
257.473848898
257.202800429
256.925248296
256.645156694
256.364630958
256.088723249
255.823729459
255.571042955
255.332851766
255.105895431
254.886921564
254.668744198
254.449502188
254.224861798
253.992958673
253.754713916
253.511071064
253.26292809
253.011998617
252.758704914
252.503331274
252.246416823
251.988733606
251.729124755
251.468259235
251.206629186
250.942423949
250.677063761
250.410160086
250.140612244
249.869068259
249.595568247
249.319690843
249.04011017
248.75800462
248.473147712
248.183601783
247.889945041
247.592617618
247.290520286
246.981861195
246.666702875
246.345414245
246.01655452
245.680305384
245.331570682
244.972999968
244.601510905
244.21638157
243.814587199
243.394274386
242.95338316
242.487632599
241.989483668
241.458911894
240.888481888
240.271347604
239.593988208
238.841164831
238.000107957
237.047659909
235.952640409
234.676419222
233.131304391
231.213176411
228.733723387
225.349370211
220.531516554
213.405307606
202.809752216
187.907200298
168.378759044
145.762752463
122.563557371
101.494866863
84.3066704914
71.4861740882
62.6272808083
57.3843868645
55.241286911
56.0454921833
59.8236996564
66.9536389464
77.8358223011
93.0643162574
112.373330825
134.648661175
157.535912881
178.229744518
194.435586583
206.059547334
213.848814089
218.939621027
222.265090609
224.547141496
226.147278372
227.330177386
228.224938411
228.911211297
229.445258715
229.852827647
230.171924539
230.416425278
230.594000196
230.723912564
230.811063309
230.863615716
230.88542653
230.881175553
230.855871814
230.810624592
230.750243682
230.675135116
230.587661679
230.4894812
230.381039718
230.264367496
230.139340436
230.006782736
229.869471442
229.726537806
229.577699351
229.426311171
229.269105476
229.108779907
228.946405031
228.779176045
228.610393306
228.439036419
228.265432391
228.089243035
227.911524403
227.732179715
227.550919977
227.368754135
227.184935465
227.000115896
226.813955002
226.627290006
226.439325888
226.250356487
226.060823469
225.870364064
225.679297932
225.487730737
225.295104285
225.102510538
224.909262747
224.715427956
224.521756873
224.326876013
224.132177633
223.937207838
223.74176553
223.546116284
223.350246041
223.153957206
222.957568856
222.761431014
222.564638468
222.367834761
222.171199668
221.973985555
221.776916569
221.579973214
221.382569856
221.185344289
220.988115127
220.790675848
220.593391391
220.396041367
220.198594046
220.001294223
219.80390488
219.606521862
219.409291264
219.211944158
219.014671332
218.817638403
218.620390013
218.423273873
218.226347499
218.02925184
217.832339746
217.635583002
217.438775108
217.242128187
217.045563754
216.848986112
216.652580384
216.456340339
216.260153357
216.063997638
215.868002906
215.672196447
215.47639204
215.280683613
215.085155462
214.889786721
214.694400602
214.49919445
214.304152979
214.109218056
213.914337368
213.719645776
213.525135555
213.3306734
213.136341715
212.942175245
212.748169981
212.554202123
212.360412681
212.166802773
211.973374375
211.780001512
211.586763347
211.393706114
211.200826676
211.008048761
210.815392958
210.622912418
210.430609138
210.238369717
210.046289624
209.854386924
209.662660949
209.47111639
209.27960924
209.088278448
208.897081031
208.705927508
208.514883841
208.323788702
208.132545499
207.941094954
207.749388252
207.557458727
207.365619313
207.173956549
206.983040362
206.793186505
206.604507207
206.416753319
206.229636525
206.042817356
205.856013026
205.668979971
205.481697871
205.294166475
205.106590899
204.918951988
204.731348341
204.543915024
204.356567479
204.169359607
203.982324124
203.795460855
203.608762564
203.422163956
203.235737174
203.049482061
202.863398459
202.677486764
202.491746661
202.306142769
202.120672396
201.935370154
201.750237668
201.565274902
201.380454142
201.19577805
201.011272043
200.826937751
200.642771159
200.458772224
200.27494272
200.091254863
199.907717519
199.724349181
199.541150054
199.35811995
199.175258384
198.992521564
198.809947176
198.627540905
198.445304308
198.263235959
198.081335262
197.899602062
197.71802202
197.536576546
197.355296491
197.174183961
196.993239557
196.812461769
196.631850444
196.451405429
196.27110341
196.090954149
195.910968746
195.731149076
195.551494986
195.372006324
195.192682937
195.013521195
194.834492341
194.655628283
194.476928919
194.298394102
194.120023683
193.941817509
193.763775429
193.585880535
193.408132396
193.230553216
193.053136911
192.875883246
192.698792797
192.521865415
192.345100949
192.168468805
191.991997358
191.815689279
191.639543545
191.463560008
191.287738518
191.112078926
190.936581082
190.761244838
190.586069831
190.411029717
190.236147843
190.061427001
189.886867044
189.712467822
189.538229188
189.364150994
189.190231884
189.016448964
188.842825893
188.669361812
188.496057457
188.322912682
188.149927339
187.977101282
187.804431847
187.631880914
187.459488866
187.287255518
187.115180646
186.94318104
186.771283171
186.599370511
186.42733477
186.255057583
186.082381508
185.909323323
185.736002831
185.562810305
185.390320205
185.218987699
185.04910516
184.88062978
184.713073987
184.545919487
184.378747436
184.211175569
184.043223725
183.874900014
183.706407256
183.537851513
183.369331745
183.200898378
183.032615104
182.864436866
182.696413486
182.52854473
182.360829937
182.193269575
182.025842669
181.858566476
181.691444312
181.524476034
181.357661501
181.191000571
181.024493128
180.858137193
180.691923396
180.525862648
180.35995481
180.194191808
180.028575294
179.863111279
179.697799623
179.532640187
179.367632829
179.20277741
179.038073742
178.873521659
178.709121095
178.544871912
178.380757126
178.216790005
178.052973865
177.889308567
177.725793972
177.562429941
177.399216336
177.236153018
177.073239225
176.910475425
176.747861497
176.585388733
176.423052981
176.260866707
176.098829774
175.936942045
175.775203382
175.613613647
175.452172704
175.290881039
175.129738387
174.968744115
174.807898087
174.647180116
174.486609989
174.326187714
174.165913156
174.005787058
173.845808422
173.685977094
173.526285018
173.366728802
173.207319505
173.048056992
172.888941128
172.729971776
172.571148804
172.412472075
172.253941456
172.095556811
171.937318007
171.779223048
171.621256532
171.463435189
171.305759168
171.148228334
170.990842554
170.833601695
170.676505622
170.51954725
170.362722274
170.206041703
170.049505402
169.893113143
169.736864708
169.580760146
169.424799324
169.268967789
169.113275698
168.957726968
168.802321466
168.647059062
168.491939622
168.336963016
168.182127205
168.027416535
167.87284774
167.71842127
167.564136996
167.409994786
167.25599451
167.102136037
166.948403025
166.794804461
166.641347329
166.4880315
166.334856773
166.181825232
166.028934894
165.876185336
165.723550795
165.571056026
165.418701672
165.266487606
165.114413698
164.962479818
164.810685839
164.659023426
164.507479942
164.356075998
164.204811467
164.053686219
163.902700126
163.75185306
163.601145152
163.450553006
163.30008953
163.149764599
162.999578086
162.849530128
162.699620433
162.549848775
162.400208953
162.250674888
162.101278513
161.952019701
161.802898325
161.65391426
161.505067379
161.356357554
161.207763445
161.059289716
160.910952701
160.762752273
160.614688308
160.466760679
160.318938804
160.171247493
160.023692245
159.876272892
159.728989282
159.581834339
159.434780462
159.287861992
159.141078803
158.994430297
158.847917138
158.701518195
158.555227768
158.409072044
158.2630509
158.117164212
157.971411855
157.825754193
157.680216464
157.534812745
157.389543013
157.244407472
157.099402548
156.954471067
156.809673039
156.665009884
156.520480116
156.376083431
156.231796603
156.087595426
155.94352703
155.799591292
155.655790237
155.512119722
155.36852926
155.225041949
155.081686762
154.938463579
154.795372277
154.652412734
154.509488594
154.366693369
154.224029633
154.08149707
153.939095428
153.796809865
153.654575721
153.51247255
153.370500232
153.228623181
153.086830559
152.945166449
152.803634128
152.662171799
152.520804736
152.379567852
152.238461026
152.097392547
151.956438277
151.815610081
151.6749099
151.534221649
151.393662957
151.253235161
151.112905689
150.972598907
150.832420738
150.692371204
150.552377158
150.412424358
150.272600449
150.132905313
149.993225442
149.853601347
149.714103886
149.574728959
149.435306014
149.295970084
149.156762428
149.017676061
148.878514856
148.739481841
148.600535109
148.461547393
148.322687718
148.183880997
148.045041293
147.906329509
147.767621664
147.628892353
147.490294296
147.351636446
147.212985543
147.074462797
146.935801449
146.797182484
146.658692248
146.519953637
146.381313038
146.242774425
146.103916356
145.965185386
145.826476488
145.687454059
145.548559906
145.40961548
145.270455359
145.131213473
144.991836541
144.852298303
144.712647985
144.572755503
144.432803515
144.292304257
144.151883408
144.011149815
143.870201641
143.728677903
143.586942864
143.44489795
143.302240057
143.159296384
143.015779909
142.871587546
142.727005193
142.581457997
142.435360057
142.288487186
142.140425875
141.991987683
141.841640925
141.690611342
141.538420817
141.384025249
141.228404204
141.071346679
140.911686982
140.749911029
140.585665373
140.418605901
140.24804739
140.074099801
139.895895249
139.713212004
139.525454532
139.331226046
139.130356916
138.921815166
138.702900548
138.47291854
138.230649694
137.973894935
137.697353439
137.399865366
137.075697071
136.717924967
136.320771102
135.871828465
135.356832974
134.755881078
134.03841875
133.159460977
132.048925034
130.576718199
128.47962243
125.324509405
120.259325216
112.204654156
100.302269796
85.3121044348
69.6368404525
56.0980169992
46.2602838498
40.1767055296
37.5021427854
37.9407394044
41.5590347382
48.7034895154
59.5944267509
73.8598495987
89.4837789642
103.462625226
113.799639491
120.469954461
124.485106611
126.950294026
128.502363864
129.558817042
130.309750356
130.860022193
131.267830951
131.571208284
131.79958081
131.968954596
132.090592138
132.176644206
132.231289705
132.262527602
132.275229827
132.268525076
132.249501272
132.219548779
132.178425377
132.128524837
132.071996193
132.008282481
131.939493488
131.86565367
131.787749248
131.706169884
131.621325194
131.533407591
131.443002881
131.350175298
131.255330673
131.158144156
131.060038815
130.960279981
130.858781478
130.756639144
130.653030598
130.548430053
130.443119349
130.336910405
130.229852847
130.122229655
130.01403249
129.905104339
129.795841099
129.686076862
129.575694351
129.465183201
129.354233563
129.242889478
129.131452676
129.019575746
128.907516181
128.795362686
128.682718937
128.570219956
128.457435773
128.344536242
128.231412215
128.118275843
128.004972183
127.89161399
127.778171407
127.664696211
127.551104225
127.437529487
127.323881184
127.210184339
127.09641146
126.982787094
126.869008066
126.755224051
126.641556012
126.527756413
126.413995662
126.300368993
126.186576353
126.072889411
125.959264011
125.845578746
125.732020408
125.618482031
125.504933206
125.391480096
125.278051538
125.164642318
125.051347425
124.938039119
124.824804398
124.711678075
124.598544923
124.485478443
124.372528912
124.259565056
124.146697197
124.033925472
123.921160103
123.808503453
123.695928493
123.583383543
123.470944611
123.358569409
123.246239363
123.134015891
123.02189946
122.909828478
122.797821624
122.685915279
122.574112742
122.462350181
122.350671238
122.23909569
122.127627879
122.016179699
121.904832783
121.793591687
121.682437804
121.571340359
121.460345227
121.349448473
121.238630254
121.127884885
121.017241714
120.906698185
120.7962246
120.685831992
120.575541459
120.465352491
120.355228293
120.245193789
120.135260615
120.025434791
119.915662328
119.805991156
119.696427353
119.586954544
119.477555553
119.368255158
119.259055065
119.149931205
119.040894882
118.931958968
118.823123368
118.71438498
118.605742276
118.497165968
118.388689644
118.28031321
118.172036576
118.063859649
117.955758736
117.847749779
117.739838291
117.632024579
117.524285412
117.416644368
117.309102712
117.201660086
117.094312643
116.987035862
116.879857583
116.772765287
116.665726109
116.558724717
116.451636316
116.344279293
116.236417561
116.127830594
116.018651868
115.90949367
115.801278052
115.694933036
115.590329901
115.486863221
115.383629084
115.279921363
115.175450299
115.070410109
114.965039098
114.85955628
114.754083234
114.648669795
114.543326555
114.438071249
114.332912861
114.227851304
114.122877482
114.01799035
113.913198678
113.808503165
113.703904055
113.599398117
113.494975795
113.390649625
113.286419519
113.182285387
113.078247143
112.974287043
112.870421679
112.766651953
112.662977779
112.559399067
112.455901114
112.352495457
112.249184297
112.145945501
112.042794659
111.939704703
111.836608674
111.733419939
111.629806161
111.52519389
111.418790472
111.310026694
111.199387664
111.088893658
110.981549486
110.879668611
110.783153933
110.689602886
110.596022795
110.500460634
110.402546018
110.302876071
110.202259283
110.101254999
110.000161985
109.899076415
109.798051897
109.697112331
109.596257722
109.495480408
109.39479589
109.294204081
109.193701243
109.093280101
108.992951427
108.892715135
108.79257114
108.692515542
108.592546198
108.492668905
108.39288358
108.293190136
108.193588489
108.094076151
107.9946464
107.895308203
107.796061476
107.696882702
107.597758727
107.498641949
107.399414195
107.299978401
107.200275744
107.100446515
107.000850625
106.901927603
106.803936324
106.706684435
106.609758379
106.512761604
106.41549476
106.317994578
106.22037705
106.122740584
106.025143431
105.927630405
105.830192105
105.732843526
105.635582972
105.538405315
105.441317139
105.344318362
105.2474089
105.150588673
105.053857597
104.95721559
104.860662202
104.764192831
104.667812289
104.571520493
104.475317363
104.379202815
104.28317677
104.187239145
104.091389859
103.995623094
103.899945378
103.804355762
103.708854164
103.613440504
103.5181147
103.422876671
103.327726338
103.232662412
103.13768164
103.042788326
102.947982389
102.853263749
102.758632326
102.664088038
102.569625738
102.475249775
102.380960713
102.286758472
102.192642481
102.098601965
102.004648041
101.910770807
101.816965851
101.723193253
101.629373343
101.53530393
101.440626997
101.344900321
101.248002594
101.15057789
101.054064732
100.960039513
100.868992957
100.78004215
100.691508379
100.602138425
100.511570218
100.420081874
100.328098584
100.235947978
100.143784874
100.05166947
99.9596253068
99.8676591887
99.7757765275
99.683971084
99.5922501745
99.5006137212
99.4090616463
99.3175894261
99.2261993337
99.1348933927
99.0436715258
98.9525336556
98.8614797046
98.7705095956
98.6796223307
98.5888164023
98.4980942255
98.4074556181
98.3169004702
98.2264287051
98.1360402459
98.0457350159
97.9555129385
97.8653739371
97.7753160508
97.6853397132
97.5954462252
97.5056355107
97.4159074935
97.3262620974
97.2366992462
97.1472188641
97.057820875
96.9685052031
96.8792717727
96.7901198073
96.7010469862
96.6120561828
96.5231473218
96.4343208702
96.3455762269
96.2569132992
96.1683320118
96.0798322896
95.9914140575
95.9030772404
95.8148217634
95.7266455818
95.6385497486
95.5505350335
95.4626013619
95.3747486592
95.2869768507
95.1992858621
95.1116756615
95.0241461452
94.9366972256
94.8493288285
94.7620399797
94.6748298637
94.5877000502
94.5006504653
94.4136810353
94.3267916862
94.2399823444
94.1532529362
94.066601124
93.9800284498
93.8935354913
93.8071224033
93.7207890667
93.6345352254
93.5483608061
93.4622657358
93.3762499414
93.2903133498
93.2044558882
93.1186772939
93.032974395
92.9473504108
92.8618052687
92.7763388962
92.6909512206
92.6056421695
92.5204113092
92.435258251
92.3501836013
92.2651872878
92.1802692385
92.0954282875
92.0106648456
91.9259794534
91.841372039
91.7568425306
91.6723908566
91.5880169452
91.5037232454
91.4195017189
91.3353577431
91.2512912466
91.1673021581
91.083385234
90.9995453284
90.9157826222
90.8320960105
90.7484851115
90.6649512008
90.5814942457
90.4981141668
90.4148108638
90.331584266
90.2484343028
90.1653578445
90.0823573738
89.9994333295
89.9165856796
89.8338144309
89.7511193975
89.6685000519
89.5859538324
89.5034834829
89.4210890716
89.3387705286
89.2565277841
89.1743607682
89.0922694112
89.0102536434
88.9283104205
88.8464417703
88.7646485044
88.6829311839
88.6012893482
88.5197226879
88.4382311337
88.356810798
88.2754638345
88.1941917749
88.1129944076
88.0318709761
87.9508222427
87.8698481384
87.7889462739
87.7081178295
87.6273638114
87.5466841512
87.4660787803
87.3855457999
87.3050832961
87.2246938437
87.1443779729
87.0641321643
86.9839569593
86.9038555791
86.8238017751
86.7437685585
86.6636740287
86.5833495534
86.5026343407
86.421546764
86.3405032901
86.2601680105
86.1810271809
86.1028944897
86.0251087455
85.9471181461
85.8686962397
85.7899585551
85.7110802854
85.6321836021
85.5533387614
85.4745513058
85.3958309237
85.3171773051
85.2385961103
85.1600872726
85.0816484338
85.0032746863
84.9249730278
84.8467434058
84.7685858172
84.690494467
84.6124710727
84.5345195219
84.4566397486
84.3788316864
84.3010859968
84.2234115123
84.145808434
84.0682752799
83.990804888
83.9134058305
83.8360780416
83.7588172183
83.6816199124
83.6044938356
83.5274387761
83.4504478187
83.3735217895
83.2966669041
83.2198834231
83.1431592681
83.0665020177
82.9899155291
82.9133996566
82.8369381939
82.7605459213
82.6842232207
82.6079684045
82.5317680716
82.4556379157
82.3795732664
82.303565561
82.227629217
82.1517523323
82.0759354896
82.0001884593
81.9244980999
81.8488676378
81.7733060145
81.6977960235
81.6223486578
81.5469711649
81.4716362373
81.396366472
81.3211663914
81.2460007883
81.1709042698
81.0958706798
81.020873479
80.9459452435
80.8710711537
80.796239315
80.721464888
80.6467333265
80.5720598513
80.4974194185
80.4228391713
80.3482874339
80.2737962454
80.1993211471
80.1249096306
80.0505051859
79.9761608145
79.9018133654
79.8275237284
79.7532349282
79.6789345865
79.6046605521
79.5303558823
79.4558911662
79.3809812202
79.3046790599
79.2248304923
79.1385103701
79.0444192811
78.9473608541
78.857747325
78.7848843903
78.727817839
78.6763274325
78.6207067193
78.5571456611
78.4873768511
78.4143292014
78.3399381295
78.2650120359
78.189723147
78.1141269947
78.0382306337
77.9619387824
77.8852192812
77.8080042081
77.7302092536
77.6517311037
77.5725052664
77.4923312382
77.4108989126
77.328183991
77.2436247015
77.1571645799
77.0680476911
76.9756607297
76.8791020086
76.7771581468
76.6681482652
76.5498758564
76.418442752
76.2679850805
76.08917934
75.865216866
75.5563022001
75.059799963
74.072617345
71.8266671466
67.0168870221
58.9800409688
49.4444244063
41.6687303614
37.6097027047
37.7516328553
42.0772076677
49.9914712086
59.4015572518
67.0433560941
71.4160179871
73.3360127869
74.1052081384
74.4291399761
74.5821423198
74.658291545
74.6912584352
74.6977887563
74.6865580057
74.6626358524
74.6297222098
74.5902020593
74.5455002537
74.4967694188
74.4449309325
74.3903601831
74.3335094792
74.274960691
74.2153395782
74.1551630189
74.09467149
74.0336097132
73.9716675565
73.9089572668
73.8455957063
73.7817230546
73.7174985608
73.652998129
73.5882471451
73.5232750896
73.4581092151
73.3928053251
73.3273829783
73.2618544882
73.1962411858
73.1305552902
73.064804478
72.9989762842
72.9331315866
72.8672626423
72.8013639519
72.7354442151
72.6695184292
72.6035977223
72.5376722285
72.4717530349
72.40584205
72.3399578822
72.2740793532
72.2082218592
72.1424017152
72.0765927317
72.0108201742
71.9450766502
71.8793705225
71.8137046897
71.7480612728
71.6824598517
71.6168946203
71.5513884452
71.48589903
71.4204678055
71.3550808049
71.2897308766
71.2244457666
71.1591812301
71.0939803167
71.0288264172
70.9637143201
70.8986615746
70.8336452757
70.7686879165
70.7037805989
70.6389221678
70.5741224088
70.5093612358
70.4446575373
70.3800125053
70.3154140172
70.2508652158
70.1863763594
70.1219387742
70.0575502073
69.9932190611
69.9289410765
69.8647100576
69.8005380197
69.7364094146
69.672317197
69.6081968256
69.5438720732
69.4789837614
69.4131385532
69.3465082078
69.2802685424
69.2159951755
69.1541239469
69.0934551471
69.0324635469
68.9704714681
68.9076977687
68.8445761013
68.7813601776
68.718160802
68.6550061776
68.591899329
68.5288505892
68.4658567207
68.4029142192
68.3400286341
68.2771990301
68.214422605
68.1517039844
68.0890422967
68.0264375404
67.963884388
67.9013866612
67.8389451551
67.776559086
67.7142268612
67.6519520318
67.5897347576
67.5275686797
67.465459844
67.403408198
67.3414136889
67.2794767939
67.2175914171
67.155763024
67.0939914371
67.0322734859
66.970611372
66.9090060364
66.8474574268
66.7859619825
66.7245229562
66.6631405027
66.6018139892
66.5405402419
66.4793229153
66.4181619573
66.3570555677
66.2960020526
66.2350047553
66.174063624
66.1131763665
66.052343398
65.9915664441
65.9308454534
65.8701772847
65.8095629399
65.7490044084
65.6885018976
65.6280536402
65.5676569668
65.5073159063
65.4470288976
65.3867937883
65.3266126557
65.2664867919
65.2064162776
65.146395016
65.0864294324
65.0265173238
64.9666535442
64.9068453911
64.847089587
64.7873848228
64.727734747
64.668130663
64.6085820488
64.549085337
64.4896345468
64.4302384309
64.370888354
64.3115896951
64.2523364293
64.1931334098
64.1339755221
64.0748629447
64.0157967063
63.9567709575
63.8977878131
63.838847905
63.779945488
63.7210752956
63.6622403208
63.6034336841
63.5446530893
63.4858939316
63.4271526718
63.3684154856
63.3096736146
63.2509197942
63.192130515
63.1332932186
63.0743817234
63.015354034
62.9561619029
62.8967386199
62.8369877699
62.7767283264
62.7157495342
62.6536293134
62.5895710244
62.5216874539
62.4433448013
62.3266778816
62.0712789998
61.4244361991
60.0467410337
57.975541028
56.0402500427
55.3648285611
56.3598876057
58.3432367385
60.1606419923
61.1963588317
61.5834243001
61.6668425654
61.6522148269
61.6116296013
61.5635894117
61.5124877214
61.4597880314
61.406093229
61.3517696965
61.2969990876
61.2419367265
61.1866726514
61.1312602557
61.0757397231
61.0201612264
60.964532357
60.908884405
60.8532229954
60.7975573971
60.7419001121
60.6862528847
60.6306068166
60.5749432732
60.5192150021
60.4634394637
60.407714471
60.3521709491
60.2968169026
60.241417199
60.1853376832
60.1271633281
60.0646879041
59.9972161089
59.9293661007
59.869575982
59.8215906158
59.7799105447
59.736265187
59.6874457555
59.6348853925
59.5807375551
59.526145605
59.471478948
59.4168224846
59.362202498
59.3076240756
59.2530858592
59.1985944209
59.1441493329
59.0897488682
59.0353984952
58.9810952385
58.9268393042
58.8726318137
58.8184725401
58.7643622802
58.7102994641
58.6562851706
58.6023206133
58.5484017665
58.4945333107
58.4407144567
58.3869433016
58.3332195714
58.2795453097
58.2259191488
58.1723403129
58.1188108121
58.065330601
58.0118996341
57.9585167404
57.9051801233
57.8518926182
57.7986541801
57.7454620222
57.6923181151
57.6392228566
57.5861747919
57.5331728751
57.4802197621
57.4273144015
57.3744538514
57.3216414539
57.268875417
57.2161533256
57.1634788726
57.1108464094
57.0582569441
57.0057107528
56.9532035869
56.9007338014
56.8482977422
56.7958892451
56.7434961258
56.6911071117
56.6386877264
56.5861630564
56.5332237194
56.4784732522
56.4164225957
56.3327325507
56.2083319475
56.048349353
55.908424321
55.8566150244
55.8930308587
55.9498138065
55.9707206569
55.9508264649
55.9092941822
55.860505958
55.8099195337
55.7589360991
55.7078400084
55.6567194025
55.6055953378
55.5544919064
55.5034134758
55.452366649
55.4013566941
55.350385227
55.2994533888
55.2485641567
55.1977159206
55.1469116653
55.0961496442
55.0454321156
54.9947607624
54.9441309609
54.893547779
54.8430080037
54.7925119491
54.742062391
54.6916575792
54.6412956609
54.5909801156
54.5407080362
54.4904790294
54.4402962731
54.3901533006
54.3400548613
54.2899991287
54.2399794435
54.1899879033
54.139966544
54.0896961726
54.0384646247
53.9850598071
53.9291525511
53.8734815514
53.8225860556
53.7776182999
53.7346781769
53.6898821474
53.6425246602
53.5937624714
53.5445523399
53.4952646929
53.4459907795
53.3967481815
53.3475488269
53.2983832249
53.2492628999
53.2001851421
53.1511442512
53.1021485171
53.0531934241
53.0042782292
52.9554082162
52.9065748378
52.8577839194
52.8090379277
52.760327013
52.7116585153
52.6630349622
52.6144434134
52.5658954377
52.5173915665
52.4689178266
52.4204887215
52.3721015097
52.3237457516
52.2754345198
52.2271528021
52.1789138184
52.1307082765
52.0825406633
52.0344102706
51.9863098643
51.9382514047
51.8902162031
51.8422259743
51.7942570734
51.7463280668
51.6984210074
51.6505527118
51.6027003142
51.55488796
51.5070831124
51.4593020851
51.4114973016
51.3635263286
51.3149260724
51.2649664147
51.2136440956
51.1629113671
51.1153297583
51.0708726
51.0269170573
50.9815320761
50.9348015617
50.8874249753
50.8398688039
50.792249936
50.7446007176
50.6969200518
50.6492044703
50.6014648591
50.5536388145
50.5057827169
50.4578397576
50.4098083996
50.3616721048
50.3134175897
50.2649922873
50.2164069264
50.167649839
50.1186480916
