4940.14328643
4935.69188904
4931.24459431
4926.80139848
4922.36229778
4917.92728844
4913.49636669
4909.06952878
4904.64677095
4900.17887799
4895.70132679
4891.22789898
4886.75859077
4882.29339835
4877.83231795
4873.37534577
4868.92247803
4864.47371096
4860.02904077
4855.5884637
4851.15197598
4846.71957385
4842.29125353
4837.86701128
4833.44684333
4829.03074594
4824.61871537
4820.21074785
4815.80683967
4811.40698707
4807.01118632
4802.6194337
4798.23172548
4793.84805792
4789.46842732
4785.09282996
4780.72126211
4776.35372008
4771.99020016
4767.63069864
4763.27521182
4758.92373601
4754.57626751
4750.23280264
4745.89333771
4741.55786903
4737.22639293
4732.89890573
4728.57540376
4724.25588335
4719.94034083
4715.62877254
4711.32117483
4707.01754403
4702.71778041
4698.42142629
4694.12902871
4689.84058404
4685.55608863
4681.27553884
4676.99893106
4672.72626164
4668.45752691
4664.19272324
4659.93184708
4655.6748948
4651.42186278
4647.17274743
4642.92754514
4638.68625229
4634.44885937
4630.21536838
4625.98577606
4621.76007881
4617.53827307
4613.32035523
4609.10632172
4604.89616897
4600.68989341
4596.48749145
4592.28895955
4588.09429412
4583.90349163
4579.71654849
4575.53346118
4571.35422612
4567.17883979
4563.00729863
4558.8395991
4554.67573767
4550.5157108
4546.35951497
4542.20714664
4538.0586023
4533.91387841
4529.77297148
4525.63587797
4521.50259438
4517.3731172
4513.24744293
4509.12556806
4505.00748911
4500.89320256
4496.78270494
4492.67599275
4488.57306251
4484.47391073
4480.37853395
4476.28692867
4472.19909143
4468.11501877
4464.03470721
4459.95815329
4455.88535355
4451.81630454
4447.75100281
4443.68944489
4439.63162735
4435.57754675
4431.52719964
4427.48058258
4423.43769214
4419.39852489
4415.3630774
4411.33134625
4407.30332802
4403.27901929
4399.25841663
4395.24151665
4391.22831593
4387.21881106
4383.21299865
4379.21087528
4375.21243758
4371.21768214
4367.22660558
4363.2392045
4359.25547552
4355.27541527
4351.29902036
4347.32628742
4343.35721308
4339.39179396
4335.43002672
4331.47190797
4327.51743437
4323.56660256
4319.61940919
4315.6758509
4311.73592434
4307.79962619
4303.86695308
4299.9379017
4296.01246869
4292.09065074
4288.17244452
4284.25784669
4280.34685393
4276.43946294
4272.53567038
4268.63547295
4264.73832116
4260.84452628
4256.95431731
4253.06769092
4249.18464384
4245.30517277
4241.4292744
4237.55694508
4233.68817665
4229.82297109
4225.9613251
4222.10323542
4218.24869876
4214.39771185
4210.55027144
4206.70637425
4202.86601701
4199.02919648
4195.1959094
4191.36615251
4187.53992256
4183.7172163
4179.8980305
4176.0823619
4172.27020728
4168.46156339
4164.65642701
4160.85479491
4157.05666385
4153.26203062
4149.470892
4145.68324476
4141.8990857
4138.1184116
4134.34121925
4130.56750545
4126.797267
4123.0305007
4119.26720334
4115.50737174
4111.75100271
4107.99809305
4104.24863959
4100.50263914
4096.76008852
4093.02098456
4089.28532407
4085.55310391
4081.82432088
4078.09897184
4074.37705362
4070.65856305
4066.94349699
4063.23185229
4059.52362579
4055.81881434
4052.1174148
4048.41942403
4044.7248389
4041.03365626
4037.34587299
4033.66148595
4029.98049202
4026.30288807
4022.62867099
4018.95783765
4015.29038494
4011.62630975
4007.96560896
4004.30827948
4000.6543182
3997.00372201
3993.35648782
3989.71261253
3986.07209306
3982.4349263
3978.80110918
3975.17063862
3971.54351152
3967.91972481
3964.29927543
3960.68216028
3957.06837631
3953.45792045
3949.85078963
3946.2469808
3942.64649089
3939.04931685
3935.45545562
3931.86490416
3928.27765942
3924.69371836
3921.11307793
3917.53573509
3913.96168681
3910.39093006
3906.8234618
3903.25927902
3899.69837867
3896.14075775
3892.58641323
3889.03534209
3885.48754133
3881.94300793
3878.40173888
3874.86373119
3871.32879881
3867.79654921
3864.26755263
3860.74180607
3857.21930655
3853.70005107
3850.18403664
3846.67126029
3843.16171567
3839.65540111
3836.15231568
3832.65245643
3829.15582038
3825.66240456
3822.17220601
3818.68522176
3815.20144886
3811.72088435
3808.24352527
3804.76936868
3801.29841163
3797.83065117
3794.36608435
3790.90470825
3787.44651991
3783.99151641
3780.53969482
3777.09105219
3773.64558562
3770.20329217
3766.76416892
3763.32821296
3759.89542136
3756.46579122
3753.03931963
3749.61600367
3746.19584044
3742.77882704
3739.36496057
3735.95423813
3732.54665683
3729.14221378
3725.74090608
3722.34273085
3718.94768521
3715.55576627
3712.16697116
3708.781297
3705.39874092
3702.01930004
3698.64297151
3695.26975244
3691.89963999
3688.53263129
3685.16872349
3681.80791372
3678.45019914
3675.09557689
3671.74404414
3668.39559803
3665.05023573
3661.70795439
3658.36875118
3655.03262327
3651.69956782
3648.36958201
3645.04266301
3641.71880799
3638.39801414
3635.08027864
3631.76559867
3628.45397142
3625.14539407
3621.83986383
3618.53737788
3615.23793343
3611.94152767
3608.6481578
3605.35782104
3602.07051458
3598.78623564
3595.50498144
3592.22674918
3588.95153608
3585.67933937
3582.41015627
3579.143984
3575.8808198
3572.62066089
3569.3635045
3566.10934788
3562.85818825
3559.61002287
3556.36484898
3553.12266381
3549.88346463
3546.64724867
3543.4140132
3540.18375547
3536.95647274
3533.73216227
3530.51082132
3527.29244716
3524.07703707
3520.8645883
3517.65509814
3514.44856385
3511.24473937
3508.04380315
3504.84581493
3501.65077198
3498.45867161
3495.2695111
3492.08328774
3488.89999883
3485.71964167
3482.54221356
3479.3677118
3476.1961337
3473.02747656
3469.86173771
3466.69891445
3463.53900111
3460.38199588
3457.22789821
3454.07670542
3450.92841482
3447.78302375
3444.64052954
3441.50092953
3438.36422104
3435.23040142
3432.099468
3428.97141814
3425.84624917
3422.72395844
3419.60454331
3416.48800112
3413.37432924
3410.26352501
3407.1555858
3404.05050897
3400.94829189
3397.84893193
3394.75242644
3391.65877282
3388.56796842
3385.48001063
3382.39489682
3379.31262439
3376.23319071
3373.15659316
3370.08282915
3367.01189605
3363.94379127
3360.8785122
3357.81605624
3354.75642079
3351.69960325
3348.64560104
3345.59441155
3342.54603219
3339.50046039
3336.45769356
3333.41772911
3330.38056446
3327.34619705
3324.31462428
3321.28584359
3318.25985242
3315.23664818
3312.21622832
3309.19859027
3306.18373148
3303.17164937
3300.1623414
3297.15580502
3294.15203767
3291.1510368
3288.15279986
3285.15732432
3282.16460763
3279.17464724
3276.18744063
3273.20298525
3270.22127858
3267.24231808
3264.26610123
3261.2926255
3258.32188836
3255.3538873
3252.3886198
3249.42608334
3246.4662754
3243.50919348
3240.55483506
3237.60319764
3234.65427872
3231.70807578
3228.76458634
3225.82380788
3222.88573793
3219.95037397
3217.01771353
3214.08775411
3211.16049323
3208.2359284
3205.31405715
3202.39487698
3199.47838543
3196.56458001
3193.65345827
3190.74501771
3187.839078
3184.93546515
3182.03452656
3179.13625976
3176.24066231
3173.34773174
3170.4574656
3167.56986144
3164.6849168
3161.80262923
3158.9229963
3156.04601556
3153.17168456
3150.30000086
3147.43096204
3144.56456507
3141.70080411
3138.83968073
3135.9811925
3133.12533699
3130.27211177
3127.42151444
3124.57354256
3121.72819366
3118.88546531
3116.04535518
3113.20786085
3110.37297992
3107.54070998
3104.71104862
3101.88399345
3099.05954207
3096.23769207
3093.41844107
3090.60178667
3087.78772648
3084.97625811
3082.16737919
3079.36108731
3076.55738011
3073.7562552
3070.9577102
3068.16174275
3065.36835046
3062.57753097
3059.78928191
3057.00360091
3054.22048561
3051.43993365
3048.66194266
3045.8865103
3043.1136342
3040.343312
3037.57554137
3034.81031996
3032.0476454
3029.28751537
3026.52992751
3023.77487949
3021.02236897
3018.27239362
3015.52495109
3012.78003906
3010.0376552
3007.29779719
3004.56046269
3001.82564938
2999.09335494
2996.36357706
2993.63631342
2990.9115617
2988.18931959
2985.46958478
2982.75235497
2980.03762784
2977.32540109
2974.61567242
2971.90843954
2969.20370013
2966.50145192
2963.8016926
2961.10441989
2958.40963149
2955.71732512
2953.02749849
2950.34014933
2947.65527534
2944.97287426
2942.2929438
2939.61548169
2936.94048566
2934.26795344
2931.59788276
2928.93027136
2926.26511697
2923.60241732
2920.94217017
2918.28437325
2915.6290243
2912.97612108
2910.32566133
2907.6776428
2905.03206325
2902.38892043
2899.7482121
2897.10993601
2894.47408993
2891.84036914
2889.20903577
2886.58012599
2883.95363758
2881.32956832
2878.70791597
2876.08867831
2873.47185312
2870.85743817
2868.24543125
2865.63583015
2863.02863264
2860.42383651
2857.82143956
2855.22143957
2852.62383434
2850.02862166
2847.43579934
2844.84536516
2842.25731694
2839.67165248
2837.08836958
2834.50746588
2831.92893589
2829.35278088
2826.77899869
2824.20758712
2821.638544
2819.07186713
2816.50755435
2813.94560347
2811.3860123
2808.8287787
2806.27390049
2803.72137551
2801.17120158
2798.62337654
2796.07789824
2793.5347645
2790.99397318
2788.45552211
2785.91940915
2783.38563213
2780.85418892
2778.32507735
2775.79829529
2773.27384057
2770.75171108
2768.23190466
2765.71441918
2763.1992525
2760.68640249
2758.17586702
2755.66764395
2753.16173116
2750.65812653
2748.15682791
2745.6578332
2743.16114027
2740.66674701
2738.17465129
2735.684851
2733.19734404
2730.71212828
2728.22920162
2725.74856195
2723.27020717
2720.79413517
2718.32034385
2715.84883112
2713.37959487
2710.91263301
2708.44794345
2705.98552409
2703.52537285
2701.06748764
2698.61186636
2696.15850695
2693.70740731
2691.25856536
2688.81197904
2686.36764625
2683.92556493
2681.48573301
2679.0481484
2676.61280906
2674.1797129
2671.74885787
2669.32024189
2666.89386292
2664.46971889
2662.04780774
2659.62812741
2657.21067587
2654.79545104
2652.38245058
2649.97166942
2647.56310884
2645.15676679
2642.75264124
2640.35073015
2637.95103148
2635.55354319
2633.15826325
2630.76518962
2628.37432028
2625.98553516
2623.59879292
2621.21424913
2618.83190176
2616.45174878
2614.07378818
2611.69801794
2609.32443605
2606.95304048
2604.58382924
2602.21680029
2599.85195165
2597.48928129
2595.12878722
2592.77046744
2590.41431993
2588.06034271
2585.70853377
2583.35889112
2581.01141276
2578.6660967
2576.32294096
2573.98194354
2571.64310245
2569.30641572
2566.97188136
2564.63949738
2562.30926181
2559.98117267
2557.65522799
2555.33142579
2553.0097641
2550.69024094
2548.37285436
2546.05760238
2543.74448304
2541.43349438
2539.12463443
2536.80876308
2534.48037904
2532.15413901
2529.83004101
2527.50808307
2525.18826322
2522.87057949
2520.55502991
2518.24161252
2515.93032536
2513.62116647
2511.31413387
2509.00922563
2506.70643977
2504.40577435
2502.10722742
2499.81079702
2497.5164812
2495.22427802
2492.93418554
2490.6462018
2488.36032487
2486.0765528
2483.79488367
2481.51531553
2479.23784644
2476.96247448
2474.68919772
2472.41801422
2470.14892206
2467.88191931
2465.61700405
2463.35417435
2461.09342831
2458.83476398
2456.57817947
2454.32367286
2452.07124222
2449.82088566
2447.57260126
2445.32638711
2443.08224131
2440.84016195
2438.60014713
2436.36219495
2434.1263035
2431.8924709
2429.66069525
2427.43097465
2425.2033072
2422.97769103
2420.75412424
2418.53260494
2416.31313125
2414.09570128
2411.88031041
2409.66695817
2407.45564402
2405.24636608
2403.03912247
2400.83391133
2398.63073078
2396.42957896
2394.23045398
2392.033354
2389.83827714
2387.64522154
2385.45418534
2383.26516668
2381.07800678
2378.89285751
2376.70972036
2374.52859347
2372.349475
2370.1723631
2367.99725591
2365.82415159
2363.6530483
2361.48394419
2359.31683743
2357.15172617
2354.98860858
2352.82748283
2350.66834707
2348.51119947
2346.35603821
2344.20286145
2342.05166738
2339.90245415
2337.75521996
2335.60996297
2333.46668137
2331.32537333
2329.18603704
2327.04867069
2324.91327246
2322.77984054
2320.64837311
2318.51886838
2316.39132453
2314.26573975
2312.14211224
2310.02044021
2307.90072184
2305.78295535
2303.66713893
2301.55327078
2299.44134913
2297.33137216
2295.22333809
2293.11724514
2291.01309151
2288.91087542
2286.81059509
2284.71224872
2282.61583454
2280.52135077
2278.42879563
2276.33816736
2274.24946417
2272.16268429
2270.07782596
2267.9948874
2265.91386684
2263.83476252
2261.75757268
2259.68229555
2257.60892937
2255.53747238
2253.46792282
2251.40027894
2249.33453898
2247.27070119
2245.20876382
2243.14872512
2241.09058334
2239.03433672
2236.97998354
2234.92752204
2232.87695048
2230.82826713
2228.78147024
2226.73655808
2224.6935289
2222.65238099
2220.6131126
2218.57572031
2216.54020181
2214.50655765
2212.4747861
2210.44488545
2208.41685397
2206.39068993
2204.36639163
2202.34395733
2200.32338533
2198.30467391
2196.28782135
2194.27282595
2192.259686
2190.24839978
2188.23896559
2186.23138172
2184.22564648
2182.22175815
2180.21971505
2178.21951546
2176.22115769
2174.22464005
2172.22996084
2170.23711836
2168.24611094
2166.25693687
2164.26959447
2162.28408205
2160.30028469
2158.31821028
2156.33796101
2154.35953518
2152.38293112
2150.40814715
2148.4351816
2146.46403279
2144.49469905
2142.52717871
2140.56147009
2138.59757154
2136.63548138
2134.67519795
2132.71671958
2130.76004462
2128.8051714
2126.85209826
2124.90082355
2122.95134561
2121.00366278
2119.05777342
2117.11367587
2115.17136847
2113.2308496
2111.29211759
2109.35517079
2107.42000758
2105.4866263
2103.55502532
2101.62520299
2099.69715768
2097.77088775
2095.84639156
2093.92366749
2092.0027139
2090.08352916
2088.16611165
2086.25045972
2084.33657177
2082.42444617
2080.51408128
2078.6054755
2076.6986272
2074.79353476
2072.89019657
2070.98861102
2069.08877647
2067.19069134
2065.294354
2063.39976284
2061.50691626
2059.61581266
2057.72645055
2055.83882859
2053.95294062
2052.06878824
2050.18637083
2048.30568679
2046.42673451
2044.54951242
2042.67401891
2040.8002524
2038.92821128
2037.05789398
2035.18929891
2033.32242448
2031.4572691
2029.5938312
2027.7321092
2025.8721015
2024.01380654
2022.15722273
2020.30234851
2018.4491823
2016.59772251
2014.7479676
2012.89991597
2011.05356608
2009.20891634
2007.36596519
2005.52471107
2003.68515242
2001.84728767
2000.01111527
1998.17663366
1996.34384128
1994.51273657
1992.68331798
1990.85558397
1989.02953297
1987.20516343
1985.38247382
1983.56146258
1981.74212817
1979.92446904
1978.10848365
1976.29417047
1974.48152794
1972.67055453
1970.86124871
1969.05360894
1967.24763369
1965.44332141
1963.64067059
1961.83967969
1960.04032541
1958.24232406
1956.44597834
1954.65128674
1952.85824773
1951.06685978
1949.27712138
1947.48903101
1945.70258715
1943.91778828
1942.1346329
1940.35311948
1938.57324651
1936.79501249
1935.0184159
1933.24345525
1931.47012901
1929.69843569
1927.92837378
1926.15994178
1924.39313819
1922.62796151
1920.86441024
1919.10248289
1917.34217796
1915.58349396
1913.82642939
1912.07098276
1910.31715259
1908.56493738
1906.81433564
1905.06534591
1903.31796667
1901.57219647
1899.8280338
1898.08547721
1896.34452519
1894.60517628
1892.867429
1891.13128188
1889.39673345
1887.66378222
1885.93242673
1884.20266552
1882.4744971
1880.74792003
1879.02293282
1877.29953402
1875.57771755
1873.85748624
1872.13883896
1870.42177425
1868.70629065
1866.99238671
1865.28006097
1863.56931197
1861.86013828
1860.15253843
1858.44651098
1856.74205448
1855.03916748
1853.33784854
1851.63809623
1849.93990908
1848.24328566
1846.54822454
1844.85472427
1843.16278341
1841.47240053
1839.7835742
1838.09630297
1836.41058543
1834.72642014
1833.04380566
1831.36274058
1829.68322346
1828.00525289
1826.32882743
1824.65394566
1822.98060616
1821.30880752
1819.6385483
1817.96982711
1816.30264251
1814.6369931
1812.97287746
1811.31029418
1809.64924184
1807.98971904
1806.33172438
1804.67525643
1803.02031381
1801.36689509
1799.71499889
1798.06462379
1796.4157684
1794.76843132
1793.12261115
1791.47830649
1789.83551594
1788.19423812
1786.55447163
1784.91621509
1783.27946708
1781.64422624
1780.01049117
1778.37826049
1776.74747368
1775.1181516
1773.49032984
1771.86400702
1770.23918176
1768.61585269
1766.99401841
1765.37367756
1763.75482876
1762.13746824
1760.52159488
1758.90720945
1757.29431058
1755.68289692
1754.07296709
1752.46451972
1750.85755345
1749.25206692
1747.64805877
1746.04552762
1744.44447213
1742.84489093
1741.24678267
1739.65014599
1738.05497953
1736.46128194
1734.86905188
1733.27828798
1731.6889889
1730.10115329
1728.5147798
1726.92986708
1725.34641379
1723.7644186
1722.18388014
1720.60479709
1719.0271681
1717.45099183
1715.87626695
1714.30299212
1712.731166
1711.16078727
1709.59185458
1708.02436661
1706.45832202
1704.8937195
1703.3305577
1701.7688353
1700.20855098
1698.64970342
1697.09229128
1695.53631325
1693.98176802
1692.42865425
1690.87697066
1689.32671589
1687.77788864
1686.2304876
1684.68451145
1683.13995888
1681.59682857
1680.05511923
1678.51482953
1676.97595818
1675.43850386
1673.90246528
1672.36784113
1670.8346301
1669.3028309
1667.77244224
1666.24345939
1664.71588299
1663.18971323
1661.6649488
1660.14158843
1658.61963081
1657.09907466
1655.57991867
1654.06216157
1652.54580207
1651.03083888
1649.51727071
1648.00509628
1646.4943143
1644.9849235
1643.47692259
1641.9703103
1640.46508533
1638.96124643
1637.4587923
1635.95772168
1634.4580333
1632.95972587
1631.46279813
1629.96724881
1628.47307663
1626.98028033
1625.48885865
1623.99881032
1622.51013406
1621.02282863
1619.53689276
1618.05232518
1616.56912463
1615.08728987
1613.60681962
1612.12769025
1610.64980762
1609.17328586
1607.69812374
1606.22431999
1604.75187336
1603.28078261
1601.81104648
1600.34266372
1598.87563311
1597.40995337
1595.94562328
1594.4826416
1593.02100707
1591.56071845
1590.10177452
1588.64417403
1587.18791335
1585.73299061
1584.2794076
1582.82716309
1581.37625586
1579.92668467
1578.47844829
1577.03154549
1575.58597505
1574.14173573
1572.69882632
1571.25724558
1569.8169923
1568.37806524
1566.9404632
1565.50418495
1564.06922927
1562.63559494
1561.20328075
1559.77228548
1558.34260792
1556.91424685
1555.48720107
1554.06146935
1552.63705049
1551.21394329
1549.79214653
1548.37165901
1546.95247952
1545.53460686
1544.11803982
1542.7027772
1541.28881781
1539.87616044
1538.46480388
1537.05474696
1535.64598846
1534.2385272
1532.83236198
1531.4274916
1530.02391488
1528.62163061
1527.22063762
1525.82093471
1524.4225207
1523.02539439
1521.6295546
1520.23500015
1518.84172986
1517.44974253
1516.059037
1514.66961208
1513.28146659
1511.89459786
1510.50900153
1509.1246811
1507.74163541
1506.35986327
1504.97936352
1503.60013498
1502.22217648
1500.84548685
1499.47006493
1498.09590955
1496.72301954
1495.35139374
1493.98103097
1492.61193009
1491.24408993
1489.87750932
1488.51218711
1487.14812213
1485.78531324
1484.42375927
1483.06345907
1481.70441149
1480.34661536
1478.99006955
1477.63477289
1476.28072424
1474.92792244
1473.57636636
1472.22605484
1470.87698674
1469.52916091
1468.1825762
1466.83723149
1465.49312561
1464.15025745
1462.80862584
1461.46810874
1460.12877629
1458.79067713
1457.45381015
1456.1181742
1454.78376816
1453.45059088
1452.11864124
1450.78791811
1449.45841647
1448.13013669
1446.80308003
1445.47724537
1444.15263159
1442.82923756
1441.50706216
1440.18610427
1438.86636277
1437.54783653
1436.23052444
1434.91442538
1433.59953824
1432.2858619
1430.97339526
1429.66213717
1428.35208655
1427.04324227
1425.73560322
1424.42916829
1423.12393638
1421.81990638
1420.51707717
1419.21544767
1417.91501675
1416.61578331
1415.31774627
1414.0209045
1412.72525692
1411.4308024
1410.13753986
1408.84546821
1407.55458635
1406.26489318
1404.97638761
1403.68906855
1402.4029349
1401.11798558
1399.83421556
1398.55162474
1397.27021499
1395.98998521
1394.71093431
1393.43306122
1392.15636484
1390.8808441
1389.6064979
1388.33332518
1387.06132484
1385.79049581
1384.52083701
1383.25234737
1381.9850258
1380.71887123
1379.45388259
1378.1900588
1376.92739879
1375.66590149
1374.40556583
1373.14639074
1371.88837514
1370.63151798
1369.37581819
1368.1212747
1366.86788644
1365.61565235
1364.36457137
1363.11464244
1361.8658645
1360.61823648
1359.37175734
1358.126426
1356.88224141
1355.63920253
1354.39730828
1353.15655763
1351.91694515
1350.67847099
1349.44113727
1348.20494294
1346.96988695
1345.73596825
1344.50318578
1343.27153852
1342.0410254
1340.8116454
1339.58339746
1338.35628055
1337.13029362
1335.90543563
1334.68170554
1333.45910232
1332.23762493
1331.01727232
1329.79804347
1328.57993734
1327.3629529
1326.14705373
1324.93217064
1323.71840626
1322.50575956
1321.29422953
1320.08381512
1318.87451531
1317.66632907
1316.45925539
1315.2532919
1314.04843215
1312.84468189
1311.64204009
1310.44050574
1309.24007781
1308.04075529
1306.84253716
1305.6454224
1304.44940999
1303.25449892
1302.06068818
1300.86797676
1299.67636363
1298.4858478
1297.29642824
1296.10810395
1294.92087393
1293.73473716
1292.54969264
1291.36573936
1290.18287631
1289.0011025
1287.82041692
1286.64081857
1285.46230645
1284.28487955
1283.10853688
1281.93327744
1280.75910024
1279.58600426
1278.41398096
1277.24303437
1276.07316603
1274.90437496
1273.73666017
1272.5700207
1271.40445554
1270.23996369
1269.07654416
1267.91419596
1266.7529181
1265.5927096
1264.43356948
1263.27549674
1262.11849042
1260.96254952
1259.80767306
1258.65386007
1257.50110956
1256.34942057
1255.1987921
1254.04922318
1252.90071284
1251.75326011
1250.60686401
1249.46152356
1248.31723779
1247.17400574
1246.03182644
1244.8906989
1243.75061833
1242.61157989
1241.47359034
1240.3366487
1239.20075401
1238.0659053
1236.93210162
1235.79934201
1234.66762549
1233.53695112
1232.40731792
1231.27872495
1230.15117124
1229.02465583
1227.89917775
1226.77473604
1225.65132977
1224.52895799
1223.40761974
1222.28731408
1221.16804006
1220.04979671
1218.93258311
1217.81639243
1216.70122361
1215.58708169
1214.47396573
1213.36187478
1212.25080789
1211.14076413
1210.03174255
1208.92374221
1207.81676218
1206.71080151
1205.60585927
1204.50193451
1203.39902631
1202.2970406
1201.1960415
1200.09604465
1198.99706074
1197.89908883
1196.80212798
1195.70617727
1194.61123577
1193.51730255
1192.42437667
1191.33245721
1190.24154325
1189.15163386
1188.06272811
1186.97482508
1185.88792385
1184.80202117
1183.71709115
1182.6331602
1181.55022738
1180.46829178
1179.38735248
1178.30740857
1177.22845913
1176.15050323
1175.07353998
1173.99756845
1172.92256096
1171.84852084
1170.77546976
1169.7034068
1168.63233105
1167.5622416
1166.49309606
1165.42491249
1164.35771255
1163.29143499
1162.22611461
1161.16177523
1160.09830069
1159.035798
1157.97412621
1156.91341241
1155.85351216
1154.79445719
1153.73624059
1152.67875794
1151.62203247
1150.56605039
1149.51079775
1148.45617952
1147.40221415
1146.34896001
1145.29637493
1144.24448429
1143.19336381
1142.14309875
1141.09373573
1140.04533897
1138.99814804
1137.95202506
1136.90733616
1135.86414373
1134.82248307
1133.78245085
1132.7440315
1131.707311
1130.67234271
1129.63898
1128.60715761
1127.57678533
1126.54778682
1125.51999334
1124.49329249
1123.46759063
1122.4428334
1121.41891051
1120.39573678
1119.37316893
1118.35130944
1117.3300737
1116.30947176
1115.28951643
1114.27019492
1113.25163886
1112.23370478
1111.21655378
1110.20019786
1109.18456792
1108.16983682
1107.15586761
1106.14283212
1105.13060344
1104.11927923
1103.10888175
1102.09934119
1101.09069018
1100.08294915
1099.07613611
1098.07025021
1097.06526007
1096.061171
1095.05800656
1094.0557659
1093.05444816
1092.05403687
1091.05450049
1090.05584856
1089.05811624
1088.0613027
1087.06540708
1086.07042854
1085.07636629
1084.08321953
1083.09098732
1082.09966881
1081.10926317
1080.11973581
1079.13111893
1078.14341243
1077.15661547
1076.17072722
1075.18574683
1074.20167347
1073.2185063
1072.23624449
1071.25488722
1070.27443363
1069.29488291
1068.31623422
1067.33848673
1066.36163961
1065.38567098
1064.41059479
1063.43641652
1062.46313533
1061.49075039
1060.51926089
1059.548666
1058.57896489
1057.61015674
1056.64224074
1055.67521605
1054.70908179
1053.74383722
1052.7794815
1051.81601382
1050.85341868
1049.89169859
1048.9308641
1047.97091442
1047.01184871
1046.05366618
1045.096366
1044.13994736
1043.18440946
1042.22975147
1041.2759726
1040.32307203
1039.37104895
1038.41990256
1037.46963204
1036.52022659
1035.57167722
1034.62400134
1033.67719813
1032.73126672
1031.78620638
1030.84201632
1029.89869573
1028.9562438
1028.01465975
1027.07394278
1026.13409207
1025.19510685
1024.2569863
1023.31972963
1022.38333128
1021.44776758
1020.51306542
1019.57922399
1018.6462425
1017.71412016
1016.78285619
1015.85244978
1014.92290015
1013.99420652
1013.06636808
1012.13938405
1011.21325363
1010.28797605
1009.36355053
1008.43997628
1007.51722171
1006.59531491
1005.67425707
1004.7540474
1003.83468511
1002.91616944
1001.9984996
1001.08167482
1000.1656943
999.250557286
998.33626299
997.422793958
996.510150357
995.598347181
994.687383654
993.777259004
992.867972459
991.959523247
991.051910445
990.145133536
989.239150402
988.333996618
987.429672643
986.526148066
985.623455514
984.721594222
983.820563425
982.920362357
982.020990256
981.122446357
980.224729898
979.327840117
978.431776253
977.536537575
976.642092895
975.748458884
974.855647793
973.963658862
973.072491334
972.182144454
971.292617466
970.403909616
969.516020147
968.628948309
967.742693346
966.857238443
965.972564358
965.088704941
964.205659435
963.323427018
962.442007022
961.561398696
960.681601295
959.802614072
958.92443628
958.047067175
957.170506219
956.294701219
955.419696312
954.54549717
953.672103048
952.799513208
951.927726908
951.056743408
950.186562105
949.317182145
948.44860277
947.580823243
946.713810113
945.847559653
944.982106894
944.117451103
943.253591545
942.390527487
941.528258198
940.666782945
939.806100997
938.946211623
938.087114095
937.228802659
936.370886527
935.508685169
934.647277721
933.786663452
932.926841631
932.067811529
931.209572417
930.352093802
929.495373373
928.639441807
927.784298377
926.929942359
926.076373027
925.223589656
924.371591387
923.520317768
922.669819171
921.820103709
920.971170659
920.123019302
919.275648918
918.429058787
917.5832273
916.738117507
915.893785886
915.0502317
914.207453899
913.365452123
912.524225657
911.683773965
910.844037084
910.005043132
909.166821722
908.32937214
907.492693678
906.656785624
905.82164727
904.987272921
904.153570261
903.320635271
902.488467243
901.65706547
900.826429247
899.99655787
899.167450634
898.339052247
897.511359507
896.684439343
895.858280584
895.03288249
894.208244419
893.384365669
892.561245144
891.738763241
890.917018031
890.09602948
889.275796892
888.45631957
887.637596818
886.819627943
886.002379135
885.185775886
884.369924561
883.554824469
882.740474918
881.926875217
881.113950406
880.301708496
879.49021782
878.679474362
877.869477433
877.060226346
876.251585794
875.443668333
874.636494799
873.830065135
873.024378405
872.219409516
871.415027407
870.611385972
869.808484529
869.006322396
868.204896674
867.404120314
866.603969263
865.804554991
865.00587682
864.207934072
863.410726069
862.614078719
861.818104092
861.02286198
860.22835213
859.434573866
858.641519813
857.84893086
857.057071728
856.265941744
855.475545241
854.685872389
853.896820703
853.108286453
852.320478293
851.533395554
850.747037568
849.961403169
849.176302144
848.391811544
847.608043314
846.824997306
846.042446708
845.260567165
844.479409072
843.698963839
842.918936069
842.139626567
841.361034672
840.583075341
839.805573392
839.028787392
838.252716681
837.47719766
836.702170676
835.927853661
835.15424967
834.381091606
833.608474121
832.836568102
832.065369693
831.294477062
830.524202902
829.754638063
828.985768209
828.21704438
827.449027901
826.681718435
825.914976521
825.148414031
824.382557356
823.617405953
822.852657529
822.088146716
821.324346137
820.561248975
819.798396059
819.035945574
818.274190414
817.512565187
816.751473348
815.991074797
815.230613115
814.470778932
813.711598207
812.952148864
812.193395027
811.435123058
810.676680926
809.918940613
809.16147336
808.403901258
807.647030578
806.890123499
806.133227009
805.377028564
804.620445064
803.863998529
803.108254081
802.351693331
801.595426978
800.839856417
800.083298533
799.327271007
798.570330299
797.813853189
797.056481012
796.299335851
795.541328184
794.783230985
794.024430566
793.264619194
792.504353391
791.744209164
790.982204051
790.219281835
789.455805466
788.690021868
787.923560355
787.15541148
786.385002634
785.613673889
784.838979318
784.062610408
783.283680577
782.501742383
781.715751003
780.926346278
780.133349256
779.336456222
778.532799142
777.723788412
776.90902204
776.087927964
775.258150289
774.419409167
773.570534099
772.71009004
771.836095396
770.94697168
770.040321914
769.113418229
768.162825224
767.185420426
766.172654252
765.121815749
764.024552858
762.863178314
761.628854512
760.296955922
758.840615618
757.22035151
755.386621164
753.270610925
750.78788321
747.817703318
744.235426786
739.886452108
734.55041202
728.084253022
720.310816516
711.047737475
700.270684754
687.93221829
674.300976405
659.488584278
644.083750563
628.388700463
613.171322132
598.696882985
585.799593481
574.698446392
566.066135527
559.993065786
556.788933547
556.393938308
559.05430624
564.52759345
572.487547001
582.784394833
594.7872339
608.258945705
622.399594527
636.833669894
650.895026734
664.206197419
676.28570089
686.888262788
695.915066935
703.412241608
709.459638329
714.192123159
717.820552585
720.537350972
722.494025211
723.884536723
724.824539648
725.430061062
725.780448409
725.935116453
725.940923295
725.832209609
725.640210336
725.378253274
725.064070765
724.702432506
724.305925314
723.879428269
723.428203165
722.955062195
722.463672598
721.956176184
721.43473855
720.901253762
720.356849039
719.802880915
719.240856649
718.671618695
718.096023917
717.514596437
716.927324372
716.337026094
715.741711421
715.142379034
714.539849793
713.934100772
713.326160885
712.715305395
712.103354938
711.48794613
710.872162664
710.253546273
709.634337651
709.013475197
708.391494947
707.768807805
707.144664241
706.520441988
705.894621614
705.268784656
704.642077775
704.014998619
703.387623741
702.759614642
702.131764785
701.503080785
700.874603095
700.24572621
699.616954217
698.987972508
698.359029354
697.730060186
697.101099139
696.472257159
695.843263439
695.214445235
694.586209999
693.95760077
693.329323738
692.701614458
692.073521927
691.445940472
690.818852053
690.191527591
689.56478665
688.938432139
688.312057532
687.686263581
687.060768105
686.435432734
685.810673323
685.186160578
684.561940103
683.938294538
683.314853194
682.691823754
682.069368387
681.44707043
680.825281025
680.204064254
679.58299134
678.962492615
678.342515883
677.722839501
677.103652512
676.484763458
675.866450609
675.248707161
674.631352865
674.014338458
673.397892247
672.782013109
672.166480522
671.551396348
670.936879507
670.322861126
669.709189783
669.096081181
668.483484885
667.871238831
667.259516069
666.648356625
666.037662344
665.427400721
664.817702177
664.208553072
663.599772801
662.991554494
662.383896255
661.776624589
661.169892781
660.563719669
659.957928175
659.35264129
658.747911767
658.143738586
657.539910179
656.936592101
656.333829569
655.731608059
655.129785987
654.52852003
653.927807726
653.327648566
652.72804194
652.128986659
651.530482997
650.932530445
650.335135877
649.738376507
649.142167299
648.546507079
647.95139535
647.356831611
646.762802799
646.1692156
645.576174984
644.983632732
644.391545902
643.800004946
643.208940807
642.618336815
642.028276657
641.438759831
640.849787793
640.261232372
639.67321367
639.085736419
638.498800319
637.912386989
637.326429823
636.74101221
636.156133651
635.571793283
634.987990305
634.404685744
633.821869032
633.239588979
632.657845091
632.076636876
631.495962671
630.915766794
630.336085852
629.756938546
629.178323934
628.600242112
628.022689224
627.445604929
626.869052014
626.29302999
625.717538369
625.142575184
624.568121287
623.994158052
623.420723323
622.847816614
622.275437438
621.703585309
621.132224217
620.56137197
619.991045411
619.42124401
618.851967282
618.283214744
617.714942255
617.147189962
616.579960455
616.013253254
615.447067899
614.881394906
614.316210783
613.751547081
613.187403321
612.623778294
612.060671387
611.498063334
610.935957099
610.374368452
609.813296914
609.252742012
608.692703581
608.133153247
607.574112086
607.01558569
606.457541326
605.899991282
605.342950382
604.786392054
604.230346204
603.674812361
603.119790052
602.565278886
602.011278598
601.457788431
600.904789609
600.352282989
599.800285115
599.24879552
598.697813736
598.147339294
597.597371728
597.047910571
596.49892747
595.950447326
595.402473055
594.855003356
594.30803775
593.7615745
593.215614433
592.670148929
592.125167612
591.580688112
591.036709968
590.493232718
589.9502559
589.407779054
588.865801719
588.324307009
587.7833041
587.242799344
586.702792284
586.163282461
585.624269417
585.085752695
584.547729716
584.010183603
583.473132461
582.936575833
582.400513266
581.864944347
581.329868728
580.795285805
580.261185771
579.727568167
579.194441917
578.661806569
578.129661669
577.598006767
577.066841411
576.536165151
576.005963596
575.476248625
574.947020628
574.418279942
573.890026118
573.362258709
572.834977266
572.308176982
571.781851151
571.25600996
570.730652961
570.20577971
569.68138976
569.157482667
568.634057986
568.111106503
567.588632568
567.066639725
566.545127531
566.024095544
565.503543322
564.983470422
564.463875379
563.944747629
563.426097892
562.907925725
562.390230689
561.873012482
561.356271146
560.840005623
560.324210292
559.808884298
559.294032813
558.779655403
558.265751629
557.752321057
557.23936325
556.726877772
556.214853788
555.703299802
555.192216854
554.68160451
554.171462335
553.661789898
553.152586766
552.643852506
552.135586687
551.627789027
551.120459196
550.613590765
550.107178544
549.601213527
549.095714401
548.590680736
548.086112105
547.582008079
547.07836823
546.57519213
546.072479354
545.570229473
545.068441335
544.567104656
544.066229607
543.565815761
543.065862695
542.566369983
542.067337203
541.56876393
541.070649742
540.572994216
540.075796929
539.579057459
539.082769055
538.586934637
538.091556781
537.596635068
537.102169077
536.608158388
536.114602582
535.621501241
535.128853946
534.636660279
534.144919822
533.653630026
533.162786309
532.672394559
532.182454359
531.692965295
531.203926951
530.715338911
530.227200762
529.739512088
529.252272476
528.765481513
528.279138785
527.79323765
527.307782104
526.822773375
526.338211241
525.854095289
525.370425149
524.887200552
524.404420908
523.922085805
523.440194834
522.958747587
522.477740065
521.997170904
521.517044249
521.037359693
520.558116829
520.079315249
519.600954549
519.123034321
518.645554161
518.168513662
517.69191242
517.215749639
516.740018638
516.264725689
515.789870387
515.315452331
514.841471117
514.367926343
513.894817607
513.422141273
512.949895817
512.478085202
512.006709029
511.535766897
511.065258407
510.595183159
510.125540755
509.656322646
509.187535131
508.719179273
508.251254676
507.783760941
507.316697674
506.850060151
506.383844082
505.918057303
505.452699418
504.987770034
504.523267115
504.059175209
503.595510638
503.132273008
502.669461924
502.207058723
501.745077327
501.283521322
500.822366683
500.361634624
499.901307313
499.441388334
498.981866521
498.522719413
498.063950777
497.605544294
497.147485807
496.689735638
496.232222357
495.774885801
495.317613517
494.860240107
494.402622802
493.944484904
493.485609321
493.025743046
492.564778077
492.102549782
491.639244466
491.175176257
490.711015006
490.247439622
489.785314995
489.32578428
488.869639647
488.417452139
487.969560298
487.525721763
487.085469965
486.648080846
486.212355213
485.777447817
485.342730289
484.9073331
484.470736703
484.033014918
483.594062557
483.154097309
482.713251357
482.271872538
481.830157009
481.388288888
480.94644652
480.504752403
480.063272961
479.622075113
479.181198385
478.740675242
478.300505606
477.860722283
477.421308553
476.98228473
476.54365125
476.105414513
475.667563747
475.230115015
474.793050935
474.356389303
473.920129747
473.484261695
473.048789746
472.613718778
472.179048422
471.744767171
471.310883933
470.877400214
470.444315645
470.011629858
469.579341332
469.147444305
468.715944966
468.284842951
467.854135514
467.423820706
466.993902131
466.564379423
466.135252218
465.706520152
465.278182861
464.850239981
464.422686874
463.99552598
463.568758414
463.142383813
462.716401817
462.290812064
461.865614192
461.440807072
461.01638721
460.592358153
460.16871954
459.745471012
459.322612209
458.900142774
458.478062347
458.056367894
457.635059357
457.214138759
456.793605743
456.373459953
455.953701031
455.534328622
455.115342369
454.696735393
454.278513577
453.860676858
453.443224881
453.026155287
452.609462046
452.19314331
451.777182014
451.361600175
450.946389206
450.53156056
450.11709585
449.703007816
449.289272906
448.87588991
448.462836402
448.050092859
447.637628765
447.225404457
446.81335806
446.401444291
445.989618971
445.577831508
445.166093447
444.754421344
444.342908211
443.931726281
443.521030933
443.111054384
442.702004617
442.29405172
441.887236597
441.481587269
441.07702771
440.673342727
440.270360999
439.867856466
439.46563347
439.063583214
438.661565137
438.259585774
437.85764344
437.455771708
437.054033951
436.65248149
436.251158608
435.850106263
435.44935655
435.048935699
434.64885285
434.249113048
433.849733918
433.450708977
433.052051455
432.653752162
432.255813412
431.858241082
431.461034836
431.064189448
430.667705262
430.271586157
429.875831797
429.480441847
429.08541597
428.690753831
428.296450502
427.902509356
427.50893095
427.11571495
426.722861021
426.330368831
425.938238046
425.546467818
425.155056265
424.764005123
424.37331406
423.982982744
423.593010843
423.203398026
422.814143964
422.425246952
422.03670721
421.648525235
421.260700696
420.873233265
420.486122611
420.099368404
419.712970318
419.326928027
418.941241202
418.555909515
418.170932641
417.786310252
417.402042022
417.018127625
416.634565977
416.25135644
415.868499761
415.485995615
415.103843678
414.722043624
414.340595131
413.959497875
413.578751531
413.198355777
412.81831029
412.438614747
412.059268827
411.680272208
411.301624567
410.923325232
410.545372909
410.167768602
409.790511993
409.41360276
409.037040583
408.660825144
408.284956123
407.9094332
407.534256057
407.159421998
406.784922063
406.410766967
406.036956391
405.663490018
405.290367532
404.917588616
404.545152954
404.173060228
403.801310125
403.429902327
403.05883652
402.68811239
402.317729185
401.947686284
401.577984118
401.208622371
400.839600732
400.470918887
400.102576457
399.734573191
399.366908781
398.999582474
398.632593813
398.265943074
397.899629945
397.533654116
397.168015277
396.802713116
396.437747324
396.073117592
395.708823609
395.344865067
394.981241656
394.617953069
394.254998997
393.892379131
393.530093164
393.168140789
392.806521699
392.445235586
392.084282144
391.723661066
391.363372047
391.003414782
390.643788046
390.284491833
389.925526459
389.566891619
389.208587008
388.850612324
388.492967261
388.135651516
387.778664786
387.422006769
387.065677161
386.70967566
386.354001964
385.998655771
385.64363678
385.288944689
384.934579197
384.580540003
384.226826808
383.87343932
383.52037725
383.167640279
382.815228107
382.463139159
382.111374117
381.759932978
381.408815445
381.05802122
380.707550005
380.357401503
380.007575416
379.658071448
379.308889302
378.960028682
378.611489291
378.263270835
377.915373016
377.567795541
377.220538114
376.87360044
376.526982226
376.180683176
375.834702997
375.489041396
375.143698079
374.798672752
374.453963718
374.109572052
373.7654975
373.421739772
373.078298574
372.735173616
372.392364606
372.049871254
371.707693268
371.365830359
371.024282235
370.683048609
370.34212919
370.001523688
369.661231815
369.321253281
368.981571769
368.642196978
368.303134683
367.964384595
367.625946427
367.287819892
366.950004409
366.612498687
366.275303739
365.938419279
365.601845021
365.265580679
364.929625968
364.593980603
364.2586443
363.923616772
363.588897746
363.254486945
362.920384069
362.586588833
362.253100955
361.919920151
361.587046139
361.254478636
360.92221736
360.590262029
360.25861227
359.927267877
359.596228585
359.265493535
358.935061946
358.604934617
358.275111268
357.94559162
357.616375392
357.287462305
356.95885208
356.630544439
356.302539102
355.974835791
355.647434228
355.320334135
354.993535235
354.667037251
354.340839904
354.014942919
353.689346019
353.364048927
353.039051368
352.714353065
352.389953744
352.065853128
351.742050035
351.418544396
351.09533664
350.772426493
350.449813729
350.12749809
349.805479238
349.483756901
349.162330803
348.841200674
348.520366241
348.19982723
347.879583371
347.559634392
347.23998002
346.920619423
346.601551867
346.282778108
345.964297875
345.646110898
345.328216906
345.010615629
344.693306799
344.376290146
344.059565401
343.743132294
343.426990559
343.111139961
342.795580217
342.480311039
342.165331919
341.850641435
341.536240717
341.222129498
340.908307512
340.594774491
340.281530172
339.968574286
339.655906569
339.343526756
339.031434555
338.719629669
338.408111891
338.096880958
337.785936606
337.47527857
337.164905061
336.854817241
336.545014949
336.235497922
335.926265772
335.617318334
335.308655374
335.000276629
334.692180177
334.384362869
334.076828999
333.769578304
333.462610525
333.155925401
332.849522672
332.543400647
332.237559965
331.932000901
331.626723194
331.321726587
331.017010819
330.712575632
330.408420768
330.10454597
329.800950978
329.497635535
329.19459938
328.891842152
328.589363702
328.287163773
327.985240885
327.683594896
327.382226661
327.081135925
326.780322432
326.479785928
326.179526156
325.879542863
325.579835793
325.280404693
324.981249308
324.682369384
324.383764752
324.085435092
323.787380134
323.489598698
323.192089475
322.894854203
322.597892718
322.301204674
322.004789819
321.708647902
321.412778672
321.117181877
320.821857266
320.52680459
320.232023597
319.937513949
319.643275429
319.349307843
319.055610651
318.762181493
318.469022524
318.176133494
317.883514156
317.591164261
317.299083561
317.007271807
316.715728753
316.424454151
316.133447753
315.842709314
315.552236485
315.26203043
314.972091595
314.682419735
314.393014605
314.103875957
313.815003548
313.526397131
313.238056462
312.949981296
312.662171389
312.374625589
312.087342123
311.800323199
311.513568777
311.227078369
310.940851643
310.654888474
310.369188619
310.083751835
309.798577881
309.513666514
309.229017492
308.944627387
308.660498671
308.37663158
308.093025872
307.809681308
307.526597646
307.243774647
306.961212071
306.67890972
306.396867313
306.11508461
305.833559237
305.552290845
305.271281444
304.990530796
304.710038662
304.429804805
304.149828986
303.870110968
303.590650423
303.311447135
303.032501083
302.753811668
302.475374048
302.197192812
301.919267724
301.641598549
301.364179078
301.086995641
300.810067434
300.533394196
300.25697558
299.980811489
299.704901688
299.429242146
299.153834337
298.878680123
298.60377927
298.329131544
298.054736713
297.780594544
297.506704804
297.233067269
296.959681701
296.686547866
296.41366409
296.14102719
295.868641333
295.596506289
295.324621825
295.052987711
294.781603688
294.510469453
294.239581093
293.968940649
293.69854941
293.428407146
293.158513629
292.888868628
292.619471915
292.350323005
292.081415957
291.812756518
291.54434446
291.276179554
291.008261738
290.740590631
290.473165994
290.205984644
289.939045534
289.672352221
289.405904478
289.139702079
288.873744799
288.608032401
288.342564655
288.077334035
287.812346537
287.547603038
287.283103314
287.01884714
286.754834293
286.491064547
286.227535309
285.964241438
285.70119004
285.438380859
285.175813671
284.913488254
284.651404408
284.389561994
284.127953935
283.86658225
283.605451234
283.344560667
283.083910326
282.823499992
282.563329442
282.303398152
282.043694933
281.784231227
281.525006434
281.266020334
281.007272708
280.748759637
280.490477353
280.232432924
279.97462623
279.717056923
279.459724785
279.20262199
278.945751047
278.68911663
278.432718521
278.176556392
277.920630042
277.664926448
277.409457212
277.15422321
276.899224227
276.644460269
276.389927326
276.13561555
275.881537992
275.627694387
275.374084519
275.120708175
274.867555964
274.614626928
274.361930787
274.109467328
273.857236341
273.605237618
273.35345317
273.101898404
272.850575818
272.599484649
272.348624683
272.097993314
271.847569329
271.597375759
271.347412565
271.097679536
270.848176434
270.598893305
270.34982461
270.100985256
269.852375032
269.603979714
269.355804401
269.10785755
268.86013892
268.612627911
268.365339582
268.11827886
267.87144555
267.624811303
267.37840358
267.132222748
266.886262316
266.640501799
266.394967569
266.149659411
265.90456026
265.659662711
265.414990856
265.170544428
264.926322249
264.682274812
264.438452093
264.194853884
263.951480053
263.708298593
263.465323781
263.222572698
262.980005383
262.737647511
262.495512518
262.25360013
262.011862518
261.770336326
261.529021554
261.287885102
261.04696984
260.806235513
260.565694354
260.325374484
260.085214749
259.845245443
259.605468924
259.365825197
259.126302051
258.886869681
258.647430896
258.407866738
258.168086657
257.927902269
257.68731649
257.446273364
257.205170281
256.96421832
256.723924971
256.484923285
256.247353827
256.011436833
255.776844461
255.543249437
255.309929122
255.076696285
254.843115308
254.608998784
254.374439124
254.139530907
253.904364081
253.669110571
253.433812533
253.198498261
252.963221681
252.72806018
252.492897134
252.257799552
252.022816698
251.787766039
251.552790216
251.317849809
251.082833602
250.847806483
250.612772114
250.377687615
250.142418779
249.907083923
249.671659679
249.435949775
249.200011803
248.963889455
248.727470748
248.490573294
248.253202017
248.015392807
247.776997987
247.538027366
247.29795409
247.057057599
246.815020837
246.571765663
246.326978086
246.08046162
245.831996734
245.581133746
245.327083581
245.069822688
244.808559446
244.542551712
244.270350096
243.9902986
243.700961704
243.399764915
243.08319901
242.746821347
242.38067355
241.972443754
241.499494383
240.919182444
240.160881112
239.095340249
237.511034111
235.136096179
231.588607052
226.573644502
219.931844338
211.879450893
203.087923586
194.547171184
187.21470402
182.123059445
179.79635365
180.527409763
184.15887105
190.275212419
198.012276977
206.465371291
214.488222234
221.311656615
226.547168139
230.209608511
232.526561765
233.915083031
234.694042236
235.101385868
235.286134349
235.345680868
235.326340759
235.259762209
235.161168341
235.039772622
234.901945123
234.750654916
234.590044146
234.42166454
234.246390759
234.066268764
233.881841177
233.693975276
233.503087478
233.309672828
233.114254959
232.91695613
232.718273399
232.51825338
232.317140595
232.115106713
231.912199705
231.708627547
231.504379409
231.299540228
231.094391955
230.888847535
230.682879224
230.476826349
230.270359497
230.063751289
229.857109865
229.650152702
229.443212603
229.236186824
229.029108376
228.821943272
228.614797829
228.407662282
228.200507533
227.993435014
227.786369564
227.579376661
227.372422001
227.165589627
226.958799547
226.75208119
226.545478805
226.33895584
226.132544274
225.92625459
225.720030622
225.513981854
225.308039212
225.102209294
224.896567287
224.69097524
224.485574307
224.28031742
224.075184035
223.870200648
223.665365699
223.460659227
223.256113082
223.051762207
222.847515691
222.64343791
222.43954673
222.235767057
222.032171328
221.828757435
221.625466531
221.422362386
221.219426669
221.016638531
220.81403439
220.611592009
220.409308058
220.207206911
220.005264668
219.803490779
219.601899727
219.400464419
219.199203816
218.998134353
218.797210266
218.596466231
218.395907857
218.19549903
217.995274937
217.7952326
217.595351186
217.395651786
217.196126388
216.996765258
216.797586781
216.598590183
216.399764033
216.201105998
216.002628916
215.804335366
215.606206554
215.408251731
215.210479188
215.012886683
214.815456366
214.618207846
214.421139439
214.224245177
214.027519672
213.830976275
213.634614061
213.438419538
213.242400804
213.046561187
212.850900136
212.655405111
212.460090077
212.264954995
212.069999916
211.875212081
211.680599264
211.486165945
211.291911662
211.097828631
210.903918766
210.710187238
210.516634099
210.323247852
210.130037903
209.937005914
209.744151669
209.551475491
209.358962821
209.166627417
208.974464832
208.782465963
208.590637266
208.398962449
208.2074317
208.016038941
207.82477914
207.633655488
207.442699153
207.25191865
207.061370869
206.871087265
206.681078923
206.491320761
206.301783778
206.112433855
205.923242551
205.73418535
205.545260075
205.356466561
205.167825187
204.979333893
204.791002403
204.602844085
204.414850337
204.227026407
204.039375427
203.851897234
203.664590962
203.477449934
203.290481226
203.103684679
202.917060135
202.730607491
202.544326573
202.358213698
202.172259244
201.986473362
201.800858463
201.615414404
201.430138269
201.245030184
201.060092549
200.875325387
200.690728154
200.506300707
200.32204308
200.137952354
199.954029275
199.770275552
199.586691066
199.403275659
199.22002914
199.036946989
198.854032837
198.671287112
198.488709831
198.306300712
198.124059555
197.941986205
197.76007909
197.578336211
197.396760515
197.215352073
197.034110809
196.853036431
196.672128787
196.491387723
196.310810769
196.130398762
195.950152677
195.770072563
195.590158266
195.410409635
195.230826516
195.05140841
194.872152302
194.693061248
194.5141351
194.335373708
194.15677692
193.978344583
193.800076548
193.621970985
193.444027716
193.266248826
193.088633572
192.911181792
192.733893411
192.556768277
192.37980624
192.203004104
192.026364573
191.849887779
191.673573485
191.497421541
191.321431798
191.145604107
190.969938318
190.794434282
190.619091829
190.44390819
190.268885566
190.094024103
189.919323653
189.744784067
189.570405197
189.396186895
189.222128893
189.048228768
188.874488752
188.700908629
188.527488338
188.354227732
188.181126665
188.00818499
187.835402308
187.662774673
187.490305995
187.317996121
187.145844899
186.973843873
186.80199556
186.630288172
186.458710745
186.287251306
186.115893975
185.944640296
185.773502121
185.60251836
185.431746354
185.261231514
185.091002963
184.921056287
184.751342573
184.581801338
184.412398783
184.243096815
184.073897291
183.904800896
183.73582779
183.566988454
183.398292658
183.229745318
183.061352676
182.893110097
182.725022436
182.55708954
182.389311217
182.221687383
182.054215814
181.886898107
181.719734466
181.55272475
181.385868816
181.219166524
181.052617734
180.88622212
180.719978619
180.553888196
180.387950708
180.222165223
180.056531778
179.891050848
179.725722293
179.560545973
179.395521748
179.230649477
179.065929015
178.901360221
178.736942962
178.572677098
178.408560806
178.244595287
178.080780748
177.917117049
177.753604051
177.590241617
177.427029607
177.263967882
177.101056243
176.938294611
176.77568285
176.613219965
176.450905415
176.288740326
176.126724558
175.964857974
175.803140437
175.64157181
175.480151955
175.318880798
175.15775819
174.996783943
174.835957922
174.675277983
174.514745985
174.354361804
174.194125305
174.034036441
173.874094987
173.714300809
173.554652976
173.395151029
173.235795951
173.076587607
172.917525863
172.758610583
172.599841632
172.441218876
172.282742179
172.124411409
171.966226429
171.80818692
171.650291221
171.492540883
171.334935803
171.177475845
171.020160877
170.862990764
170.705965374
170.549083877
170.392345724
170.235751895
170.079302258
169.92299667
169.766834991
169.610817105
169.45494288
169.299210753
169.143621618
168.988175751
168.832873018
168.677713288
168.522696429
168.36782231
168.213090609
168.058499641
167.904050962
167.749744499
167.595580122
167.4415577
167.287677102
167.133938197
166.980339233
166.826880993
166.673564057
166.520388295
166.36735357
166.21446196
166.061711424
165.909101541
165.756629617
165.604298011
165.452106673
165.300055473
165.148144281
164.99637297
164.84474141
164.693248651
164.541893314
164.390677346
164.239600617
164.088663
163.937864366
163.787204588
163.636683563
163.486298837
163.336051584
163.18594268
163.035971996
162.886139432
162.736444843
162.586888094
162.437468449
162.288183185
162.139035383
161.990024917
161.84115166
161.692415485
161.543816266
161.395353878
161.247026072
161.098833201
160.950776785
160.802856701
160.655072821
160.507425021
160.359910127
160.212530511
160.065286608
159.918178291
159.771205431
159.624367208
159.477660749
159.331089377
159.184652968
159.03835135
158.892184478
158.746150127
158.600247614
158.454479447
158.308845505
158.163345662
158.017979795
157.872743827
157.727640173
157.582670131
157.437833587
157.293130451
157.148560256
157.004117169
156.859807085
156.715630036
156.571585764
156.427674128
156.283892693
156.140238929
155.996717441
155.853328107
155.710071021
155.566945659
155.423946858
155.281076822
155.138338341
154.995731293
154.853255558
154.710911014
154.56868791
154.426595496
154.28463392
154.142803043
154.001102731
153.859531391
153.718082442
153.57676374
153.435575163
153.294513044
153.153576188
153.012768902
152.872091404
152.731537403
152.59110932
152.450810544
152.310640954
152.170591264
152.030668961
151.890875124
151.751209843
151.611661389
151.47224143
151.332949996
151.193783717
151.054734917
150.915814093
150.777021141
150.638348631
150.499795033
150.361369015
150.223070458
150.084887894
149.946825272
149.808889581
149.671072447
149.533363201
149.395776611
149.258316703
149.120982673
148.983754776
148.846653238
148.709673758
148.572803484
148.436059239
148.299433399
148.162917252
148.026526808
147.890249544
147.754082811
147.618041802
147.482107275
147.346285809
147.210589444
147.07499135
146.939509553
146.804152601
146.668882604
146.533734164
146.398707577
146.263760502
146.128937586
145.994228198
145.859598595
145.725092955
145.590693274
145.456382865
145.322175044
145.188064364
145.054048082
144.920131028
144.786300046
144.652573346
144.518901892
144.385348335
144.251873324
144.118486596
143.98515181
143.851905401
143.718737361
143.585617142
143.452577466
143.319589391
143.186642429
143.053765162
142.920899703
142.788087507
142.655305901
142.522513154
142.38979069
142.256984309
142.124217081
141.991440724
141.858549914
141.725642982
141.592698434
141.459598528
141.326391836
141.193042323
141.059514809
140.925739572
140.791727028
140.65738872
140.52270126
140.387603271
140.251951901
140.115728115
139.978825078
139.840965707
139.702075378
139.562025079
139.420584411
139.277203305
139.131750634
138.983622173
138.832082155
138.676500306
138.51554258
138.347648489
138.170616495
137.981033796
137.773785526
137.54073196
137.266473206
136.918887882
136.440751761
135.707282705
134.507965237
132.51566503
129.408306039
125.041246686
119.760963033
114.480769186
110.272329971
108.084540251
108.374691471
111.063808704
115.514469045
120.659809766
125.474498386
129.20840169
131.673639144
133.105577415
133.863831868
134.235229385
134.406420624
134.467830891
134.471876735
134.441513116
134.389006904
134.321050256
134.241932115
134.154893242
134.061697863
133.963577385
133.861827184
133.756905906
133.649653505
133.540581453
133.429611408
133.317472901
133.204312231
133.090108926
132.975109097
132.859532749
132.74332527
132.626701483
132.509664885
132.392315916
132.27469453
132.156842542
132.03877975
131.9205655
131.802206491
131.683743771
131.565144784
131.446552823
131.32789401
131.209159738
131.090460204
130.971712731
130.852964977
130.734245232
130.615534562
130.496837916
130.378183662
130.259570904
130.140983825
130.022462097
129.903989001
129.785552705
129.667202259
129.548906502
129.43066978
129.312522274
129.194429064
129.076415891
128.958491566
128.840616274
128.722853592
128.605160332
128.487553437
128.370021882
128.252586844
128.135232709
128.017970689
127.900797707
127.783718863
127.666725637
127.549831369
127.433026876
127.316314576
127.199691628
127.083180436
126.966750546
126.850416862
126.73419141
126.618049313
126.502007547
126.386075562
126.270223224
126.154477647
126.038834324
125.92328101
125.807836319
125.692489455
125.577237284
125.462090349
125.347041436
125.232089937
125.117245274
125.00249457
124.887846448
124.773304305
124.65885652
124.544510362
124.430270777
124.316124539
124.202082602
124.088144893
123.974302339
123.8605651
123.746930382
123.633392928
123.519960256
123.406628049
123.293394361
123.180265253
123.067243999
122.954321218
122.841498507
122.728779419
122.6161642
122.503646375
122.391230225
122.278917645
122.166708982
122.054595334
121.942584785
121.830677704
121.718872145
121.607164943
121.495560603
121.384058645
121.272656999
121.161355011
121.050155532
120.939058223
120.828060026
120.717161961
120.606366054
120.495672169
120.38507654
120.274581576
120.164188358
120.053897404
119.943703226
119.833610538
119.723619861
119.613729476
119.503937578
119.394246563
119.284656518
119.175164951
119.06577291
118.956481598
118.847290923
118.738200491
118.629210065
118.520316633
118.411523472
118.302830488
118.194237591
118.085744687
117.977349323
117.869053012
117.760856223
117.652758903
117.544758645
117.436857727
117.329056192
117.221353922
117.11375045
117.00624324
116.898834997
116.791524384
116.684308033
116.577184328
116.470140704
116.363158912
116.256215253
116.149287582
116.042389162
115.935581161
115.828955747
115.722605692
115.616403595
115.51028113
115.404270101
115.298299789
115.192341137
115.086413495
114.980540625
114.874744352
114.769036758
114.663422747
114.557903297
114.452480102
114.347153981
114.241924843
114.136791698
114.031754363
113.926813633
113.821969498
113.717221904
113.612570446
113.508014089
113.403554007
113.299190112
113.194922314
113.090750525
112.986672892
112.882690993
112.77880484
112.675014345
112.57131942
112.467718515
112.364212704
112.260802129
112.157484497
112.054261289
111.951129717
111.848083007
111.745112414
111.642186803
111.539248813
111.436216799
111.333033703
111.229747911
111.126561432
111.023774908
110.921619861
110.820086491
110.718934198
110.617863407
110.516678688
110.41534298
110.313915975
110.212478477
110.111086358
110.009769424
109.908537216
109.807395018
109.706345145
109.605387519
109.504521296
109.403747951
109.303067398
109.202479185
109.101982508
109.001578368
108.901266679
108.801047357
108.700919935
108.600884122
108.500940422
108.401088749
108.301329018
108.201661147
108.102084808
108.002599254
107.903205306
107.803902879
107.704689546
107.605563915
107.506521149
107.407549354
107.308638746
107.209783366
107.110997167
107.012316073
106.913783971
106.81542668
106.717224886
106.619137146
106.521123722
106.423164603
106.32526339
106.227431607
106.129679024
106.032011391
105.934433116
105.836943184
105.73954302
105.64223238
105.545010677
105.447878496
105.350835753
105.253882367
105.157018255
105.060243334
104.963557524
104.866960705
104.770452342
104.674032844
104.577702128
104.481460113
104.385306718
104.28924186
104.193265457
104.09737743
104.001577122
103.905865113
103.810241235
103.714705407
103.619257548
103.523897577
103.428625412
103.333440974
103.238344061
103.143334274
103.048411972
102.953577074
102.858829499
102.764169167
102.669595998
102.575109404
102.480709749
102.386397016
102.292171127
102.198031951
102.103978338
102.01001133
101.916129864
101.822333427
101.728617955
101.634975409
101.541385494
101.447812333
101.35421162
101.260571011
101.166951887
101.073501151
100.980376452
100.887626822
100.795163845
100.702819501
100.610468371
100.518074188
100.42566471
100.333282396
100.240959943
100.148712764
100.056546809
99.9644643622
99.8724660332
99.7805522933
99.6887224482
99.5969771596
99.5053163495
99.4137399402
99.3222474093
99.2308389143
99.1395145877
99.0482743521
98.95711813
98.866045844
98.7750574169
98.6841526794
98.5933314113
98.5025937846
98.411939712
98.3213691132
98.2308819112
98.1404780294
98.050157391
97.9599199194
97.8697655379
97.7796939816
97.6897052251
97.5997993298
97.5099762193
97.4202358174
97.330578048
97.2410028351
97.1515101024
97.0620997742
96.9727717746
96.8835260277
96.7943623877
96.7052805545
96.6162807473
96.5273628907
96.4385269634
96.3497728375
96.2611004359
96.1725096834
96.0840005047
95.9955728249
95.9072265687
95.8189616613
95.7307778308
95.6426751151
95.5546535239
95.4667129825
95.3788534162
95.2910747506
95.2033769111
95.1157598275
95.0282234227
94.9407676208
94.8533923478
94.7660974395
94.6788827476
94.5917483625
94.5046942103
94.417720217
94.330826309
94.2440124124
94.1572784535
94.0706241324
93.9840495371
93.8975546592
93.8111394481
93.724803826
93.6385477013
93.5523710007
93.4662736512
93.3802555796
93.294316713
93.2084569785
93.1226762841
93.0369742472
92.9513511243
92.8658068427
92.7803413299
92.6949545132
92.6096463202
92.5244166424
92.4392653758
92.3541925161
92.2691979909
92.1842817283
92.0994435468
92.0146834225
91.930001345
91.8453972422
91.7608710424
91.6764226739
91.592052065
91.5077593962
91.4235437992
91.3394057475
91.2553451696
91.1713619942
91.0874509774
91.0036169737
90.9198601639
90.8361803735
90.7525775005
90.6690516085
90.5856026305
90.5022304948
90.4189351278
90.3357164586
90.2525744167
90.1695086256
90.0865192702
90.0036063309
89.9207697413
89.8380094386
89.7553253412
89.6727173331
89.5901850951
89.5077288385
89.4253485071
89.3430440311
89.2608153406
89.1786623658
89.0965850371
89.0145832847
88.9326567415
88.8508055478
88.7690297223
88.6873292585
88.6057040481
88.5241539978
88.4426790383
88.3612787185
88.2799531919
88.1987025493
88.1175267076
88.0364255292
87.9553990282
87.8744471361
87.7935695519
87.7127663319
87.632037515
87.5513830329
87.4708028169
87.3902966157
87.3098641763
87.2295056949
87.149221163
87.0690101675
86.9888727011
86.9088090248
86.8288164524
86.7488922235
86.6690280859
86.5892071131
86.5094131612
86.4296480043
86.3499532332
86.2703952123
86.1910225215
86.1118164634
86.0327108401
85.9536504003
85.8746124373
85.7956084472
85.716655892
85.6377669303
85.5589485284
85.4802011803
85.4015257949
85.3229222811
85.244391145
85.16593232
85.0875455101
85.0092301649
84.9309869243
84.8528157233
84.7747165018
84.6966886208
84.6187321923
84.5408475457
84.4630346148
84.3852933337
84.3076227088
84.2300235644
84.1524958612
84.0750393918
83.9976533807
83.9203386263
83.8430950628
83.765922201
83.688819637
83.6117880832
83.5348274596
83.4579370158
83.3811167757
83.3043673023
83.227688563
83.1510792913
83.0745401867
82.9980715764
82.9216733875
82.8453439407
82.7690846561
82.6928955136
82.616776237
82.5407254276
82.4647446465
82.3888333686
82.3129906794
82.2372179632
82.1615139714
82.0858787046
82.0103130824
81.9348157325
81.8593869199
81.7840274816
81.7087356387
81.6335124335
81.5583585334
81.4832711494
81.4082524847
81.3333029343
81.258418919
81.1836038437
81.1088570351
81.0341757817
80.9595632848
80.8850180051
80.8105386958
80.7361268166
80.6617808554
80.5875022781
80.5132885226
80.4391422476
80.3650602274
80.2910456109
80.2170938935
80.1432097699
80.0693875302
79.9956324204
79.9219380659
79.8483105023
79.7747439727
79.7012371823
79.6277938613
79.5544082559
79.4810673602
79.4077425786
79.3343390809
79.26064117
79.1863557618
79.1113520407
79.0361102772
78.9616739991
78.8889771366
78.817924028
78.7474891929
78.6766998591
78.6051750013
78.533088513
78.4607336956
78.3883042602
78.315881076
78.2434813223
78.1711104957
78.0987692382
78.0264479406
77.9541433121
77.8818484753
77.8095549056
77.737252166
77.6649337005
77.592579308
77.5201577728
77.4476665087
77.3750489836
77.3022992948
77.2293412642
77.1561128701
77.0825229046
77.0084484701
76.9337190505
76.8581112219
76.7812282355
76.7024712014
76.6208837212
76.5347330668
76.4398971846
76.325626718
76.1593970722
75.8528447289
75.2207563426
74.0280032223
72.2216337879
70.2515262052
68.9442417575
68.9398932526
70.2049877819
72.0529040169
73.6770431009
74.6724782665
75.1232944549
75.2685449588
75.2865198885
75.2575175084
75.2108455472
75.1563294719
75.0974564124
75.035948646
74.9726949875
74.9082131738
74.8428790769
74.7769350755
74.7105256481
74.6437673728
74.5767532526
74.5095212786
74.4421170447
74.3745990394
74.3070300676
74.2394619546
74.1719187824
74.1043749433
74.0367993499
73.9692032358
73.9015982852
73.8339985083
73.7664198163
73.6988697681
73.6313508618
73.5638660038
73.4964178761
73.4290120175
73.3616503375
73.2943340196
73.2270651495
73.1598449007
73.0926739915
73.0255511245
72.9584823418
72.891466818
72.8245039525
72.7575945651
72.690740106
72.623941638
72.5571981233
72.4905106205
72.4238792699
72.3573058826
72.2907882892
72.2243279792
72.1579265344
72.091581284
72.0252947051
71.9590660076
71.8928959775
71.8267848544
71.7607307993
71.6947357205
71.6287989867
71.5629228351
71.4971029844
71.4313435287
71.3656430207
71.3000006948
71.2344192764
71.1688942896
71.1034299906
71.0380246679
70.9726777503
70.9073909434
70.8421619061
70.7769928385
70.7118828008
70.6468316278
70.5818402485
70.5169066042
70.4520325347
70.3872181095
70.3224620666
70.257764671
70.1931268992
70.1285478344
70.0640272018
69.9995657926
69.9351631315
69.8708185498
69.8065331998
69.7423054776
69.6781346293
69.6140141508
69.5499263673
69.4858353046
69.4217015663
69.3575422698
69.2934749766
69.2296572714
69.1661327126
69.1027812167
69.0394501577
68.9760717164
68.9126677461
68.8492815743
68.7859385281
68.7226496412
68.6594176859
68.5962429164
68.533126318
68.4700675185
68.4070661195
68.3441226277
68.2812369016
68.2184086128
68.155638176
68.0929254561
68.030270405
67.9676724421
67.9051299457
67.8426435559
67.7802144973
67.717842563
67.6555280605
67.5932709581
67.5310705724
67.4689274604
67.4068415695
67.344812847
67.2828412931
67.220926251
67.15906822
67.0972671349
67.0355226317
66.9738348832
66.9122039364
66.8506297392
66.7891118882
66.7276506619
66.6662460288
66.6048978786
66.5436058472
66.4823702532
66.4211910446
66.3600679946
66.2990008872
66.2379900101
66.1770353115
66.1161365155
66.0552936173
65.9945067429
65.9337758407
65.8731005502
65.8124809253
65.7519171186
65.6914091047
65.6309566604
65.5705594728
65.5102178986
65.4499317356
65.3897007225
65.329525021
65.2694047145
65.209339765
65.1493295169
65.089374567
65.0294746492
64.9696292031
64.9098389128
64.8501034049
64.7904225027
64.7307965257
64.6712245585
64.6117075036
64.5522449586
64.4928362801
64.433482298
64.3741821033
64.3149361888
64.2557439067
64.196605697
64.1375210032
64.0784897979
64.019512139
63.9605873964
63.9017157366
63.8428971778
63.7841311005
63.7254169331
63.66675493
63.6081443585
63.549584944
63.4910761811
63.4326176713
63.3742079871
63.3158462077
63.2575315618
63.1992616531
63.1410351805
63.0828494802
63.0247003062
62.9665827862
62.9084902003
62.8504128549
62.792332588
62.7342282557
62.6760575546
62.6177406602
62.5590884759
62.4994361028
62.435986421
62.358600369
62.2411834825
62.0455775377
61.7665557656
61.4897197807
61.3572750912
61.4271575728
61.6048513757
61.7509535838
61.8072391329
61.7952976088
61.7525090667
61.6999043943
61.6447440684
61.5888842597
61.5327664975
61.476535727
61.4202522785
61.3639527881
61.3076553973
61.2513756077
61.1951223866
61.1389010339
61.0827155277
61.0265708442
60.9704677004
60.9144091835
60.8583958136
60.8024284749
60.7465083755
60.690635647
60.6348093569
60.5790275989
60.5232856047
60.4675850779
60.4119357587
60.3563506988
60.3008306563
60.2453520724
60.1898514803
60.1341873007
60.0781387228
60.0216358379
59.9651404469
59.9094975003
59.8550822183
59.8013435086
59.7474533071
59.6930908544
59.6383997328
59.5835953549
59.5287920378
59.4740266846
59.4193077444
59.364637804
59.3100173303
59.2554461458
59.2009248661
59.1464534068
59.0920315535
59.0376598116
58.983337842
58.9290656238
58.8748432277
58.8206705896
58.7665477477
58.7124745039
58.6584509245
58.6044770899
58.550552556
58.4966777499
58.4428525514
58.3890767292
58.3353502147
58.2816731714
58.2280454213
58.174466846
58.1209376056
58.0674576547
58.0140269479
57.9606453271
57.9073125721
57.8540289256
57.8007943424
57.7476085032
57.6944715645
57.6413835253
57.5883441997
57.5353534426
57.4824114791
57.4295181637
57.3766731617
57.3238767669
57.27112876
57.2184288589
57.1657773929
57.1131737568
57.0606180112
57.0081101436
56.9556496891
56.9032364429
56.8508699997
56.798549703
56.7462742943
56.6940426061
56.6418511506
56.5896923954
56.5375353574
56.4852403161
56.4322580172
56.377151857
56.318001183
56.2552940373
56.194618815
56.1428757924
56.1000762305
56.0593397923
56.0150170469
55.9666404194
55.9161397036
55.8649557209
55.8136322743
55.7623106871
55.7110203941
55.6597701716
55.6085620864
55.5573985089
55.5062798368
55.4552066915
55.4041795608
55.3531985673
55.3022637863
55.2513754766
55.2005334382
55.1497379309
55.0989887411
55.0482860561
54.9976300053
54.9470200877
54.8964567714
54.8459396965
54.7954688559
54.7450444885
54.6946663809
54.6443343092
54.5940485831
54.5438088733
54.4936151022
54.4434675492
54.3933655294
54.3433094793
54.2932991783
54.2433339219
54.1934128818
54.1435302226
54.0936639837
54.0437428962
53.9936456619
53.9433392269
53.8930974753
53.8433746904
53.7942861942
53.7454415376
53.6964521285
53.6472474511
53.5979432171
53.5486350897
53.4993600802
53.4501272775
53.4009384022
53.3517946098
53.3026949137
53.2536404288
53.2046308467
53.1556655599
53.10674536
53.0578697581
53.0090386426
52.9602525046
52.9115104519
52.8628130301
52.8141604486
52.7655516851
52.7169874366
52.6684679189
52.6199918006
52.5715602018
52.5231731386
52.4748291766
52.4265297294
52.378274486
52.3300623652
52.2818946379
52.2337697657
52.1856890341
52.1376514769
52.0896575063
52.0417070148
51.9937992421
51.945935348
51.8981134266
51.8503356133
51.8025995066
51.7549069271
51.7072560431
51.6596485005
51.6120819755
51.564558847
51.5170758239
51.4696345019
51.422230085
51.3748482871
51.3274427391
51.2799403417
51.2323406921
51.1848390917
51.1376919139
51.0908964701
51.0441901915
50.9973798084
50.9504737051
50.9035418396
50.8566308523
50.8097524025
50.7629096906
50.7161025704
50.6693306581
50.6225950069
50.5758893344
50.5292192466
50.4825790204
50.4359684644
50.3893858852
50.3428299147
50.2962952508
50.2497833238
50.2032927387
50.1568159389
